0.000000000000000000e+00 0.000000000000000000e+00 1.000000000000000000e+00
0.000000000000000000e+00 2.383498984496592588e-01 7.616501015503407412e-01
0.000000000000000000e+00 4.317537789956754635e-01 5.682462210043245365e-01
0.000000000000000000e+00 7.227002457413771452e-01 2.772997542586228548e-01
0.000000000000000000e+00 1.000000000000000000e+00 0.000000000000000000e+00
3.875420197687187152e-01 0.000000000000000000e+00 6.124579802312812848e-01
1.899801489420051281e-01 3.426104474663199673e-01 4.674094035916749879e-01
2.661596019337520991e-01 4.712430967257021375e-01 2.625973013405459300e-01
1.788759089770539934e-01 8.211240910229460344e-01 0.000000000000000000e+00
5.766748966094292772e-01 0.000000000000000000e+00 4.233251033905708338e-01
6.346179030478940053e-01 2.325211814562448687e-01 1.328609154958611260e-01
5.941271184144228945e-01 4.058728815855771055e-01 0.000000000000000000e+00
8.315177771246281546e-01 0.000000000000000000e+00 1.684822228753718731e-01
7.819787231869919086e-01 2.180212768130081191e-01 0.000000000000000000e+00
1.000000000000000000e+00 0.000000000000000000e+00 0.000000000000000000e+00
