0.000000000000000000e+00 0.000000000000000000e+00 1.000000000000000000e+00
0.000000000000000000e+00 2.065496714115248045e-01 7.934503285884751955e-01
0.000000000000000000e+00 5.335776657463123795e-01 4.664223342536876205e-01
0.000000000000000000e+00 7.193415568867685961e-01 2.806584431132313484e-01
0.000000000000000000e+00 1.000000000000000000e+00 0.000000000000000000e+00
3.492084032862496912e-01 0.000000000000000000e+00 6.507915967137504198e-01
2.556811186025685356e-01 2.469198588525061411e-01 4.973990225449253511e-01
1.861132200817997018e-01 5.305696179733869755e-01 2.833171619448133782e-01
2.471164009760577207e-01 7.528835990239423070e-01 0.000000000000000000e+00
5.231370672923341125e-01 0.000000000000000000e+00 4.768629327076660540e-01
4.413450091743051362e-01 2.491527790542358012e-01 3.095022117714590904e-01
5.129323240883957302e-01 4.870676759116043253e-01 0.000000000000000000e+00
7.905392754587836635e-01 0.000000000000000000e+00 2.094607245412163365e-01
6.557643137197366467e-01 3.442356862802634088e-01 0.000000000000000000e+00
1.000000000000000000e+00 0.000000000000000000e+00 0.000000000000000000e+00
