5.444665782197483095e-02 5.444665782197483095e-02 8.911066843560504491e-01
5.444665782197483095e-02 2.217786631287899379e-01 7.237746790492353144e-01
5.444665782197483095e-02 3.891106684356050449e-01 5.564426737424201797e-01
5.444665782197483095e-02 5.564426737424201797e-01 3.891106684356050449e-01
5.444665782197483095e-02 7.237746790492353144e-01 2.217786631287899379e-01
5.444665782197483095e-02 8.911066843560504491e-01 5.444665782197483095e-02
2.217786631287899379e-01 5.444665782197483095e-02 7.237746790492353144e-01
2.217786631287899379e-01 2.217786631287899379e-01 5.564426737424201797e-01
2.217786631287899379e-01 3.891106684356050449e-01 3.891106684356050449e-01
2.217786631287899379e-01 5.564426737424201797e-01 2.217786631287899379e-01
2.217786631287899379e-01 7.237746790492353144e-01 5.444665782197483095e-02
3.891106684356050449e-01 5.444665782197483095e-02 5.564426737424201797e-01
3.891106684356050449e-01 2.217786631287899379e-01 3.891106684356050449e-01
3.891106684356050449e-01 3.891106684356050449e-01 2.217786631287899379e-01
3.891106684356050449e-01 5.564426737424201797e-01 5.444665782197483095e-02
5.564426737424201797e-01 5.444665782197483095e-02 3.891106684356050449e-01
5.564426737424201797e-01 2.217786631287899379e-01 2.217786631287899379e-01
5.564426737424201797e-01 3.891106684356050449e-01 5.444665782197483095e-02
7.237746790492353144e-01 5.444665782197483095e-02 2.217786631287899379e-01
7.237746790492353144e-01 2.217786631287899379e-01 5.444665782197483095e-02
8.911066843560504491e-01 5.444665782197483095e-02 5.444665782197483095e-02
