0.000000000000000000e+00 0.000000000000000000e+00 1.000000000000000000e+00
0.000000000000000000e+00 6.268152387074404919e-02 9.373184761292557843e-01
0.000000000000000000e+00 1.131262612609797436e-01 8.868737387390200899e-01
0.000000000000000000e+00 1.485717642252595283e-01 8.514282357747403607e-01
0.000000000000000000e+00 2.081484960837738374e-01 7.918515039162260516e-01
0.000000000000000000e+00 2.984352379468405148e-01 7.015647620531596518e-01
0.000000000000000000e+00 3.521945891660910877e-01 6.478054108339091899e-01
0.000000000000000000e+00 4.290949440928235603e-01 5.709050559071765507e-01
0.000000000000000000e+00 4.489783576718147096e-01 5.510216423281851794e-01
0.000000000000000000e+00 5.206234562834335389e-01 4.793765437165664611e-01
0.000000000000000000e+00 5.853535164181824513e-01 4.146464835818174932e-01
0.000000000000000000e+00 6.311933281650199401e-01 3.688066718349800599e-01
0.000000000000000000e+00 6.959957033645497448e-01 3.040042966354503107e-01
0.000000000000000000e+00 7.477368272532766147e-01 2.522631727467233853e-01
0.000000000000000000e+00 8.308314230337670026e-01 1.691685769662329974e-01
0.000000000000000000e+00 8.765018734606820905e-01 1.234981265393178540e-01
0.000000000000000000e+00 9.414126364300838823e-01 5.858736356991631894e-02
0.000000000000000000e+00 1.000000000000000000e+00 0.000000000000000000e+00
5.422823508708349977e-02 0.000000000000000000e+00 9.457717649129164794e-01
4.645387885578722287e-02 6.125209428532472911e-02 8.922940268588880341e-01
5.285290126591738608e-02 1.234537831998529372e-01 8.236933155342296420e-01
5.773731220276623333e-02 1.726095024469294636e-01 7.696531853503042475e-01
5.260071640877563015e-02 2.377301438462248728e-01 7.096691397449996774e-01
6.424560816969027144e-02 2.893727588994190469e-01 6.463816329308906816e-01
7.125512256712029924e-02 3.402851106544902415e-01 5.884597667783896258e-01
5.217286217142758087e-02 4.278271532283791090e-01 5.199999846001933657e-01
6.174165067658848871e-02 4.695127099468437426e-01 4.687456393765677687e-01
7.756742073972094920e-02 5.140684435053147761e-01 4.083641357549640527e-01
7.091485924249932293e-02 5.689090209781709762e-01 3.601761197793296176e-01
6.319689836551101170e-02 6.452859955035206152e-01 2.915171061309684286e-01
5.431918084519174461e-02 7.245324228072262951e-01 2.211483963475819325e-01
7.049231669816653778e-02 7.502516771061112921e-01 1.792560061957220452e-01
5.743353428474592265e-02 8.141092296314198506e-01 1.284572360838340532e-01
7.059917975378397770e-02 8.919727402687480655e-01 3.742807997746808168e-02
4.018205366449140170e-02 9.598179463355086538e-01 0.000000000000000000e+00
9.652561371424699110e-02 0.000000000000000000e+00 9.034743862857528285e-01
1.003899746467856458e-01 6.660248163554223499e-02 8.330075437176722719e-01
1.062684014308149794e-01 1.213966896805366985e-01 7.723349088886483083e-01
1.060972806582509281e-01 1.742937673042121993e-01 7.196089520375368309e-01
1.011000884772228908e-01 2.586442375880865230e-01 6.402556739346904058e-01
1.222240402691154443e-01 2.945710511137391574e-01 5.832049086171454677e-01
1.172725883720762280e-01 3.488874383728727269e-01 5.338399732550510590e-01
1.238028002193258675e-01 4.055300217148913311e-01 4.706671780657829540e-01
1.257589582224589719e-01 4.627961531584884880e-01 4.114448886190523180e-01
1.158786876944101485e-01 5.205283203166448658e-01 3.635929919889448469e-01
1.042427862700305852e-01 5.845686444119951863e-01 3.111885693179743950e-01
1.197047713896965543e-01 6.479596189589129640e-01 2.323356096513905789e-01
1.220997863388018218e-01 7.114880927448576919e-01 1.664121209163405557e-01
1.228595853726910103e-01 7.578561318459008378e-01 1.192842827814080547e-01
1.172115198420919380e-01 8.341690068687506177e-01 4.861947328915750682e-02
1.149301729808033246e-01 8.850698270191966754e-01 0.000000000000000000e+00
1.859728783924190221e-01 0.000000000000000000e+00 8.140271216075810612e-01
1.619454579919104853e-01 6.558247487569528189e-02 7.724720671323942467e-01
1.627055583889963353e-01 1.353993249499617635e-01 7.018951166610419845e-01
1.651530645121520036e-01 1.821666629379717073e-01 6.526802725498762614e-01
1.640773456804497932e-01 2.482377770931036287e-01 5.876848772264466891e-01
1.859449705283045540e-01 2.854951615013788246e-01 5.285598679703167324e-01
1.657724450658771831e-01 3.472818398957288055e-01 4.869457150383938449e-01
1.764531782675706484e-01 4.100317713834248368e-01 4.135150503490043761e-01
1.869207697744434959e-01 4.634298588560648025e-01 3.496493713694915906e-01
1.798721308314054634e-01 5.342315224689131448e-01 2.858963466996814473e-01
1.750894799346980613e-01 5.923203729971199261e-01 2.325901470681819294e-01
1.824516303470573586e-01 6.437150306181800286e-01 1.738333390347626128e-01
1.783556679296840475e-01 6.969523301766922252e-01 1.246920018936235053e-01
1.805655056679043580e-01 7.666380054922108389e-01 5.279648883988463659e-02
1.573459893969278434e-01 8.426540106030717681e-01 0.000000000000000000e+00
2.491944624543041553e-01 0.000000000000000000e+00 7.508055375456962333e-01
2.352941176470588203e-01 5.882352941176470507e-02 7.058823529411765163e-01
2.169641811066011228e-01 1.306610552614175247e-01 6.523747636319814358e-01
2.445688413829536223e-01 1.707744464046361543e-01 5.846567122124103344e-01
2.323975438872906696e-01 2.272396388579643878e-01 5.403628172547449982e-01
2.340949835436736959e-01 2.962935226861137528e-01 4.696114937702126069e-01
2.352290467258356665e-01 3.560380208652571543e-01 4.087329324089071236e-01
2.366984670219967613e-01 4.224045787420366849e-01 3.408969542359663873e-01
2.317492585018198492e-01 4.793401657496538237e-01 2.889105757485262438e-01
2.320705245067487543e-01 5.115089845624960496e-01 2.564204909307551405e-01
2.329918249876756775e-01 5.938501833156253351e-01 1.731579916966990706e-01
2.436565256985097072e-01 6.479857842498730758e-01 1.083576900516172031e-01
2.392483483491734120e-01 7.036221683735525145e-01 5.712948327727410125e-02
2.035032540440048776e-01 7.964967459559951779e-01 0.000000000000000000e+00
2.913102588993977116e-01 0.000000000000000000e+00 7.086897411006023439e-01
2.832597020517501618e-01 6.222835665815963646e-02 6.545119412900903821e-01
2.875274665335454949e-01 1.161770898394259011e-01 5.962954436270284653e-01
2.910767419642933396e-01 1.815211567769496881e-01 5.274021012587568613e-01
2.917788394970164956e-01 2.216688305374588663e-01 4.865523299655246103e-01
2.869796647712439808e-01 3.080152803901332614e-01 4.050050548386227023e-01
2.827226806454935515e-01 3.604804210215815097e-01 3.567968983329249943e-01
3.081913036325368282e-01 3.902253317356891293e-01 3.015833646317739869e-01
3.099707875437626714e-01 4.639195184929884030e-01 2.261096939632490643e-01
2.970726063282366769e-01 5.122930330816573008e-01 1.906343605901059113e-01
2.931499729539914223e-01 5.932301439748112193e-01 1.136198830711972335e-01
3.047116175825468898e-01 6.552306175111088926e-01 4.005776490634428699e-02
2.750848096998122494e-01 7.249151903001878061e-01 0.000000000000000000e+00
3.513324347708481343e-01 0.000000000000000000e+00 6.486675652291519212e-01
3.582064817259414391e-01 4.693351793910031933e-02 5.948600003349582277e-01
3.557536141985370715e-01 1.138151794569260272e-01 5.304312063445368874e-01
3.474611921562238970e-01 1.678032969918785422e-01 4.847355108518975331e-01
3.479262125509631209e-01 2.458322256611023826e-01 4.062415617879345797e-01
3.421969283527840910e-01 2.969357955881197775e-01 3.608672760590961870e-01
3.550066177788017141e-01 3.581192501186621913e-01 2.868741321025362057e-01
3.569097877604833768e-01 3.980874453265744739e-01 2.450027669129420937e-01
3.762321448404968849e-01 4.649040600019902492e-01 1.588637951575128104e-01
3.493493918056109204e-01 5.328957889282968097e-01 1.177548192660923532e-01
3.484948054707998066e-01 6.071835938064624738e-01 4.432160072273771262e-02
3.566943789062221315e-01 6.433056210937777575e-01 0.000000000000000000e+00
4.094768199974491707e-01 0.000000000000000000e+00 5.905231800025505517e-01
4.225812245724668847e-01 4.684448527447569732e-02 5.305742901530575706e-01
4.173021460497558510e-01 1.240063805371208749e-01 4.586914734131232185e-01
4.037894313934237145e-01 1.889126770694141977e-01 4.072978915371620601e-01
3.970387327996221516e-01 2.480046444461431743e-01 3.549566227542347852e-01
4.136538904133012506e-01 3.044492065839837780e-01 2.818969030027149714e-01
4.078983434038533917e-01 3.491808585836866374e-01 2.429207980124598321e-01
4.144518177091796041e-01 4.067332882939979077e-01 1.788148939968222939e-01
4.181744699648018426e-01 4.716058142248338303e-01 1.102197158103643132e-01
4.065570215786348252e-01 5.158684665389403623e-01 7.757451188242485418e-02
3.935597406396632025e-01 6.064402593603366309e-01 0.000000000000000000e+00
4.638488883947582964e-01 0.000000000000000000e+00 5.361511116052417592e-01
4.736182483258895015e-01 7.041242731375617347e-02 4.559693243603543111e-01
4.705882352941176405e-01 1.176470588235294101e-01 4.117647058823529216e-01
4.624758901470590322e-01 1.906751574087435508e-01 3.468489524441974448e-01
4.879454288864910061e-01 2.125604916707243552e-01 2.994940794427846109e-01
4.646300299596689554e-01 3.055103150672060508e-01 2.298596549731249938e-01
4.706449674387832016e-01 3.482110223505923696e-01 1.811440102106244010e-01
4.706929834816149794e-01 4.110186053101645420e-01 1.182884112082203815e-01
4.677641516491000129e-01 4.728789769761022610e-01 5.935687137479782327e-02
4.777362520522063782e-01 5.222637479477936218e-01 0.000000000000000000e+00
5.281577043004501704e-01 0.000000000000000000e+00 4.718422956995499407e-01
5.362633921036988882e-01 5.460518659796828600e-02 4.091314212983327425e-01
5.332761660172548046e-01 1.157799950481123996e-01 3.509438389346328790e-01
5.372564196976927775e-01 1.698397096041716070e-01 2.929038706981356155e-01
5.338799501133236758e-01 2.360536986496545309e-01 2.300663512370217656e-01
5.344174715311166279e-01 2.961841912334780003e-01 1.693983372354054273e-01
5.220779700324356121e-01 3.517240043482996459e-01 1.261980256192647976e-01
5.275901110888412404e-01 4.177337347395539968e-01 5.467615417160458929e-02
5.252126205211594678e-01 4.747873794788404767e-01 0.000000000000000000e+00
6.075843391743934729e-01 0.000000000000000000e+00 3.924156608256065826e-01
5.909445053109869672e-01 6.089466500802020316e-02 3.481608296809929337e-01
5.831799103604985435e-01 1.307378708022067515e-01 2.860822188372948438e-01
5.794647049112210402e-01 1.736791392261357037e-01 2.468561558626431729e-01
5.802981588966182880e-01 2.272627367674659449e-01 1.924391043359157949e-01
5.881978280167167172e-01 2.859714236086262629e-01 1.258307483746569366e-01
6.026397301084945868e-01 3.478437748268062291e-01 4.951649506469913559e-02
5.667994493009526069e-01 4.332005506990473376e-01 0.000000000000000000e+00
6.421045366241322494e-01 0.000000000000000000e+00 3.578954633758677506e-01
6.591548445696729930e-01 4.738593717663382165e-02 2.934592182536931437e-01
6.504790091185905787e-01 1.075562605051764986e-01 2.419647303762331170e-01
6.419755054077760370e-01 1.646380138601253318e-01 1.933864807320986590e-01
6.317090842197601308e-01 2.341757922921442747e-01 1.341151234880956222e-01
6.518580593212651708e-01 2.917264347870108798e-01 5.641550589172406038e-02
6.523486625200736189e-01 3.476513374799264366e-01 0.000000000000000000e+00
7.309117210585526214e-01 0.000000000000000000e+00 2.690882789414473786e-01
7.005785005410943844e-01 5.043251049817990689e-02 2.489889889607256601e-01
7.068934987705870476e-01 1.218957906610368125e-01 1.712107105683761954e-01
6.990834911434788967e-01 1.749838007796651607e-01 1.259327080768558871e-01
7.223709446954836855e-01 2.201742355788860739e-01 5.745481972563043493e-02
7.072041340671624265e-01 2.927958659328375179e-01 0.000000000000000000e+00
7.643396487784901439e-01 0.000000000000000000e+00 2.356603512215098839e-01
7.613886280061320511e-01 4.903216748153037263e-02 1.895792045123377290e-01
7.585675962748116286e-01 1.169412759685793113e-01 1.244911277566089491e-01
7.670015442059177069e-01 1.788797795014499259e-01 5.411867629263219376e-02
7.584852000536850269e-01 2.415147999463148343e-01 0.000000000000000000e+00
8.176551202772499582e-01 0.000000000000000000e+00 1.823448797227499862e-01
8.008858295816752015e-01 6.367428749505266161e-02 1.354398829232721646e-01
8.141522529433591338e-01 1.310430626852438496e-01 5.480468437139691951e-02
8.086148896516847095e-01 1.913851103483150962e-01 0.000000000000000000e+00
9.003783298660636980e-01 0.000000000000000000e+00 9.962167013393624648e-02
8.902616471923852082e-01 5.429837416019028806e-02 5.543997864742454540e-02
8.823529411764705621e-01 1.176470588235294101e-01 0.000000000000000000e+00
9.237416675895108176e-01 0.000000000000000000e+00 7.625833241048887712e-02
9.562140168305148791e-01 4.378598316948516950e-02 0.000000000000000000e+00
1.000000000000000000e+00 0.000000000000000000e+00 0.000000000000000000e+00
