0.000000000000000000e+00 0.000000000000000000e+00 1.000000000000000000e+00
0.000000000000000000e+00 6.744998574067020969e-02 9.325500142593299291e-01
0.000000000000000000e+00 1.300562382307706988e-01 8.699437617692292735e-01
0.000000000000000000e+00 2.063660776128242447e-01 7.936339223871755610e-01
0.000000000000000000e+00 2.449654943755868453e-01 7.550345056244133213e-01
0.000000000000000000e+00 2.987793008404062145e-01 7.012206991595941741e-01
0.000000000000000000e+00 3.444800984997319904e-01 6.555199015002680651e-01
0.000000000000000000e+00 4.149784028982832496e-01 5.850215971017165284e-01
0.000000000000000000e+00 4.763161925367235261e-01 5.236838074632763629e-01
0.000000000000000000e+00 5.553129053976281204e-01 4.446870946023718241e-01
0.000000000000000000e+00 5.907395428416509775e-01 4.092604571583489115e-01
0.000000000000000000e+00 6.520498475516612880e-01 3.479501524483387676e-01
0.000000000000000000e+00 7.103737110468925087e-01 2.896262889531074913e-01
0.000000000000000000e+00 7.653112001680736354e-01 2.346887998319264201e-01
0.000000000000000000e+00 8.195927900751630579e-01 1.804072099248367200e-01
0.000000000000000000e+00 9.054944740987855845e-01 9.450552590121442942e-02
0.000000000000000000e+00 9.381169111282539053e-01 6.188308887174615025e-02
0.000000000000000000e+00 1.000000000000000000e+00 0.000000000000000000e+00
6.352369082537005773e-02 0.000000000000000000e+00 9.364763091746299839e-01
5.857010940508089458e-02 7.093960412968366991e-02 8.704902864652352967e-01
7.459359217520764029e-02 1.176664525766780711e-01 8.077399552481141498e-01
7.990627416975973341e-02 1.482510951127077314e-01 7.718426307175324519e-01
7.841472274612111548e-02 2.115622685290795835e-01 7.100230087247992872e-01
3.491263956648654743e-02 3.111515804732273849e-01 6.539357799602860677e-01
4.068919291141794015e-02 3.338752358199951753e-01 6.254355712685869539e-01
5.753008038174264871e-02 4.045779189374588691e-01 5.378920006807982324e-01
6.445092099924897011e-02 4.665963037757259180e-01 4.689527752250250425e-01
6.445729520157242320e-02 5.110202008943397489e-01 4.245225039040878556e-01
6.863907982448071154e-02 5.798169465496600949e-01 3.515439736258592074e-01
6.964357720548011721e-02 6.466304572721022215e-01 2.837259655224176336e-01
5.041757101933028173e-02 7.202548721976681501e-01 2.293275567830016515e-01
6.061310680606772638e-02 7.671726360998577521e-01 1.722142570940745077e-01
8.713043323731671508e-02 7.966474829825841431e-01 1.162220837800990864e-01
6.006645932105203478e-02 9.006115174290797443e-01 3.932202324986819320e-02
6.537710973934804382e-02 9.346228902606520395e-01 0.000000000000000000e+00
9.908046600582358365e-02 0.000000000000000000e+00 9.009195339941763470e-01
1.049700863769165438e-01 5.725830541815700447e-02 8.377716082049262436e-01
1.271152037188147677e-01 1.037578319164206425e-01 7.691269643647645760e-01
1.085847116516457656e-01 1.792283922809674301e-01 7.121868960673868321e-01
1.075754903418059127e-01 2.366867455382208885e-01 6.557377641199733098e-01
1.003593720772503056e-01 3.053246605777778511e-01 5.943159673449719405e-01
1.386694639242656291e-01 3.308995159752660675e-01 5.304310201004683867e-01
1.115916783978899429e-01 4.211069917043773203e-01 4.673013298977327090e-01
1.146061421886385157e-01 4.716901504128316880e-01 4.137037073985296853e-01
1.309704969657161100e-01 5.077878068209901175e-01 3.612416962132937726e-01
1.244279357405147224e-01 5.976091545815449546e-01 2.779629096779402397e-01
1.221521167810726560e-01 6.485272811796201076e-01 2.293206020393070976e-01
1.163978871454886682e-01 6.909873539745098325e-01 1.926147588800013188e-01
1.133347387178989252e-01 7.421235398291302632e-01 1.445417214529707839e-01
1.243931853235409335e-01 8.236679144964241805e-01 5.193890018003477493e-02
1.029200523611964180e-01 8.970799476388036098e-01 0.000000000000000000e+00
1.518737303997476640e-01 0.000000000000000000e+00 8.481262696002522805e-01
1.847012010094470358e-01 5.339451555220606216e-02 7.619042834383469298e-01
1.791736065963212832e-01 9.534143685396914703e-02 7.254849565497094588e-01
1.617806063580939924e-01 1.664171380032714309e-01 6.718022556386347155e-01
1.907097378392973164e-01 2.319266844869953270e-01 5.773635776737073844e-01
1.879602580863233285e-01 2.931137128492543598e-01 5.189260290644223117e-01
1.707433935397593416e-01 3.721320447030614931e-01 4.571245617571793041e-01
1.816087871162938849e-01 4.150441511517478643e-01 4.033470617319583340e-01
1.887624528401729562e-01 4.686385144830062521e-01 3.425990326768209027e-01
1.736407719021655083e-01 5.047636816297187412e-01 3.215955464681157228e-01
1.876136322288715352e-01 5.912537675127562675e-01 2.211326002583721417e-01
1.613766225806433086e-01 6.547488592219287140e-01 1.838745181974280329e-01
1.814652560099361545e-01 6.896685273971326913e-01 1.288662165929313486e-01
1.931083700974068895e-01 7.479983301405481733e-01 5.889329976204487477e-02
1.559789299280924524e-01 8.440210700719076309e-01 0.000000000000000000e+00
2.624389564236275785e-01 0.000000000000000000e+00 7.375610435763724215e-01
2.387636971591130253e-01 4.529917464916353304e-02 7.159371281917235041e-01
2.306689206728707864e-01 1.275755854721591920e-01 6.417554938549701049e-01
2.364440943020011676e-01 2.008116987663066122e-01 5.627442069316923590e-01
2.175730951694515580e-01 2.531154421500323437e-01 5.293114626805159872e-01
2.364631256131285997e-01 2.688760634128002369e-01 4.946608109740712189e-01
2.349611850078029418e-01 3.703090002974354089e-01 3.947298146947615383e-01
2.274445433398662175e-01 4.364454195707018203e-01 3.361100370894318790e-01
2.250460914748002583e-01 4.575268153971882024e-01 3.174270931280115948e-01
2.624670015060259765e-01 5.056832230561145725e-01 2.318497754378593956e-01
2.426215384365345840e-01 5.738487084667621696e-01 1.835297530967031632e-01
2.085583292867852490e-01 6.603874673207924539e-01 1.310542033924222971e-01
2.217811878158957861e-01 6.923853906074297626e-01 8.583342157667453454e-02
2.209868864725947901e-01 7.790131135274050989e-01 0.000000000000000000e+00
2.948948575142957274e-01 0.000000000000000000e+00 7.051051424857044392e-01
2.895600001158142867e-01 8.025113387429846923e-02 6.301888660098873274e-01
2.992743574725534317e-01 1.328301969520486736e-01 5.678954455753980612e-01
2.845200084494593495e-01 1.890645765120428090e-01 5.264154150384979802e-01
2.777551566858574850e-01 2.213309342382156764e-01 5.009139090759268109e-01
3.208141832300656082e-01 2.780217809269938112e-01 4.011640358429407471e-01
2.809951875025889501e-01 3.447079790679776212e-01 3.742968334294334287e-01
3.000051483033291388e-01 3.954252275912449877e-01 3.045696241054257070e-01
3.024937270335030237e-01 4.618629570680936047e-01 2.356433158984033716e-01
3.122304325000733738e-01 5.107888451082764902e-01 1.769807223916501082e-01
2.849712386129129027e-01 5.620853663592246807e-01 1.529433950278622500e-01
3.110218998047661332e-01 6.352858434478392269e-01 5.369225674739454279e-02
2.523257603268612148e-01 7.476742396731386187e-01 0.000000000000000000e+00
3.488401346125604707e-01 0.000000000000000000e+00 6.511598653874395293e-01
3.445619732699210513e-01 7.890718993121509373e-02 5.765308367988639660e-01
3.411517388198646583e-01 1.122161486923077406e-01 5.466321124878278370e-01
3.585129340347448235e-01 1.484767920676056119e-01 4.930102738976496757e-01
3.641636272547541520e-01 2.304910610427484130e-01 4.053453117024974905e-01
3.767778550854690711e-01 2.790255868501847480e-01 3.441965580643461808e-01
3.775440807896248696e-01 3.469559671835732440e-01 2.754999520268020530e-01
3.580032854116897423e-01 4.093950484974394621e-01 2.326016660908708233e-01
3.416285986944205821e-01 4.929877960037660767e-01 1.653836053018133689e-01
3.613986747817536926e-01 5.290625039708269917e-01 1.095388212474191492e-01
3.611969824634648218e-01 5.857544786357236077e-01 5.304853890081134143e-02
2.852351020084070710e-01 7.147648979915929290e-01 0.000000000000000000e+00
4.277306924032073243e-01 0.000000000000000000e+00 5.722693075967927312e-01
4.197067344169557734e-01 3.041846754063368824e-02 5.498747980424106840e-01
4.387988041429634611e-01 7.053126897731394618e-02 4.906699268797224955e-01
4.075625497336251013e-01 1.580459926465039022e-01 4.343914576198710242e-01
4.108562456247958350e-01 2.577068859221389729e-01 3.314368684530651921e-01
3.935994912841603854e-01 3.182475756673676659e-01 2.881529330484718932e-01
3.984841054525340431e-01 3.521385982317561947e-01 2.493772963157100120e-01
3.999855133638719473e-01 4.020407339217698106e-01 1.979737527143582698e-01
4.025406287085562806e-01 4.604490561318054787e-01 1.370103151596382407e-01
4.096241331288443810e-01 5.269381748387761411e-01 6.343769203237943632e-02
4.122365058716693786e-01 5.877634941283307324e-01 0.000000000000000000e+00
4.972889879616438358e-01 0.000000000000000000e+00 5.027110120383562197e-01
5.066819746543994585e-01 3.006147404461736658e-02 4.632565513009831992e-01
4.907154574822211179e-01 9.688698557669517264e-02 4.123975569410838204e-01
4.618997364450420084e-01 1.822762342928358759e-01 3.558240292621220324e-01
4.791991604414707062e-01 2.486080278859504056e-01 2.721928116725788604e-01
4.666415737418359577e-01 3.119460171894417599e-01 2.214124090687223934e-01
4.500670911788109962e-01 3.645273035253372984e-01 1.854056052958517886e-01
4.749447644688238324e-01 4.197114782642724640e-01 1.053437572669037314e-01
4.715435431083477846e-01 4.674937802229806594e-01 6.096267666867148660e-02
4.892323245226875561e-01 5.107676754773124994e-01 0.000000000000000000e+00
5.124774032384491473e-01 0.000000000000000000e+00 4.875225967615508527e-01
5.263930285665192610e-01 3.369565946321973621e-02 4.399113119702609542e-01
5.452836713072701791e-01 1.017917572414429872e-01 3.529245714512868615e-01
5.224940713609014242e-01 1.805436032122602896e-01 2.969623254268383139e-01
5.263586035416113473e-01 2.534262883631481222e-01 2.202151080952406137e-01
5.246764650709602185e-01 2.918011214565310318e-01 1.835224134725088607e-01
5.474380026633375307e-01 3.691927192614549158e-01 8.336927807520744249e-02
5.376543266056232895e-01 3.991109220220270815e-01 6.323475137234958743e-02
5.335814218711689705e-01 4.664185781288310850e-01 0.000000000000000000e+00
5.917143162978113491e-01 0.000000000000000000e+00 4.082856837021886509e-01
6.020813348077783678e-01 3.359242301290027433e-02 3.643262421793212469e-01
5.923354231039815732e-01 1.063549630676450530e-01 3.013096138283731795e-01
6.055899043748990129e-01 1.662427005841285998e-01 2.281673950409725260e-01
6.073622941400127484e-01 2.405201488957177669e-01 1.521175569642695957e-01
5.741575353450304453e-01 2.912691047972523206e-01 1.345733598577175116e-01
5.970149511911860829e-01 3.694988652258501816e-01 3.348618358296381187e-02
5.998367820173385878e-01 4.001632179826614122e-01 0.000000000000000000e+00
6.626981894874346413e-01 0.000000000000000000e+00 3.373018105125654698e-01
6.367025673622972448e-01 5.371001171013881081e-02 3.095874209275639721e-01
6.605784625958829315e-01 1.085089462501538371e-01 2.309125911539632314e-01
6.597230916172991400e-01 1.560928577672777429e-01 1.841840506154232004e-01
6.624936182637268800e-01 2.275689969541328794e-01 1.099373847821401295e-01
6.592993353992637751e-01 2.773145417118194622e-01 6.338612288891684599e-02
6.511006866112645231e-01 3.488993133887355880e-01 0.000000000000000000e+00
6.991956029942028028e-01 0.000000000000000000e+00 3.008043970057973082e-01
7.258173410925011781e-01 5.830226882020055068e-02 2.158803900872982573e-01
7.211353108195637240e-01 1.037446094256526258e-01 1.751200797547837751e-01
7.119055572790772279e-01 1.679479703278459468e-01 1.201464723930769363e-01
6.946465822615468522e-01 2.472178585317134358e-01 5.813555920673970506e-02
7.010575708224002778e-01 2.989424291775999443e-01 0.000000000000000000e+00
7.973096640699106619e-01 0.000000000000000000e+00 2.026903359300892271e-01
7.773212042256701926e-01 5.159372463516970903e-02 1.710850711391600498e-01
7.442126215777558063e-01 1.383658318362980533e-01 1.174215465859462099e-01
7.924762883934421964e-01 1.650999589769287512e-01 4.242375262962891358e-02
7.541343062113492479e-01 2.458656937886508076e-01 0.000000000000000000e+00
8.744626697149380234e-01 0.000000000000000000e+00 1.255373302850618655e-01
8.247593377332672615e-01 3.933539046579238863e-02 1.359052718009403360e-01
8.193163206719515923e-01 1.436778473404932976e-01 3.700583198755522107e-02
7.779776997655778459e-01 2.220223002344221819e-01 0.000000000000000000e+00
9.149201344277695380e-01 0.000000000000000000e+00 8.507986557223044810e-02
8.787247325051189550e-01 3.049354050850856465e-02 9.078172698637221316e-02
9.092083124495344837e-01 9.079168755046554407e-02 0.000000000000000000e+00
9.463371174748698156e-01 0.000000000000000000e+00 5.366288252513014279e-02
9.507423377533819053e-01 4.925766224661795589e-02 0.000000000000000000e+00
1.000000000000000000e+00 0.000000000000000000e+00 0.000000000000000000e+00
