0.000000000000000000e+00 0.000000000000000000e+00 1.000000000000000000e+00
0.000000000000000000e+00 8.073422240604402611e-02 9.192657775939558906e-01
0.000000000000000000e+00 2.408081986964213939e-01 7.591918013035788837e-01
0.000000000000000000e+00 2.684228549299236266e-01 7.315771450700767620e-01
0.000000000000000000e+00 2.804691283743286911e-01 7.195308716256715309e-01
0.000000000000000000e+00 3.116536302740107733e-01 6.883463697259893932e-01
0.000000000000000000e+00 3.654566034925422757e-01 6.345433965074578353e-01
0.000000000000000000e+00 4.257124367812245014e-01 5.742875632187753876e-01
0.000000000000000000e+00 4.788669536281845440e-01 5.211330463718153450e-01
0.000000000000000000e+00 4.930919481931785864e-01 5.069080518068214136e-01
0.000000000000000000e+00 5.615130943694977006e-01 4.384869056305023549e-01
0.000000000000000000e+00 6.261996716340888502e-01 3.738003283659112053e-01
0.000000000000000000e+00 6.462712090391253827e-01 3.537287909608746728e-01
0.000000000000000000e+00 8.252376210001627355e-01 1.747623789998371258e-01
0.000000000000000000e+00 8.411464056852939741e-01 1.588535943147059148e-01
0.000000000000000000e+00 8.721980377782380112e-01 1.278019622217620721e-01
0.000000000000000000e+00 9.142112075786754666e-01 8.578879242132456118e-02
0.000000000000000000e+00 1.000000000000000000e+00 0.000000000000000000e+00
8.508395344833619145e-02 0.000000000000000000e+00 9.149160465516638086e-01
8.155447670695747941e-02 3.377799412758048653e-02 8.846675291654618745e-01
9.169321883755229829e-02 7.888165378445233245e-02 8.294251273779953415e-01
8.608743400392723788e-02 1.485542086425999664e-01 7.653583573534726847e-01
6.479746415193846087e-02 2.623925009529228802e-01 6.728100348951389087e-01
7.703179386894251635e-02 3.099990019482401493e-01 6.129692041828176396e-01
8.245436916380829984e-02 3.685467204189140644e-01 5.489989104172777745e-01
3.626551884802070580e-02 4.299887159627348021e-01 5.337457651892443256e-01
7.990178456101647286e-02 4.650665760741449772e-01 4.550316393648384805e-01
5.393169074851887623e-02 5.018731831940400623e-01 4.441951260574411031e-01
8.447018964041058675e-02 6.060458838200404319e-01 3.094839265395489258e-01
3.719468138578226751e-02 6.591133902116158572e-01 3.036919284026019517e-01
8.666096384996231639e-02 6.962319560176573052e-01 2.171070801323804478e-01
3.019302414492344017e-02 8.072052176133766022e-01 1.626017582417000895e-01
6.062005221710224656e-02 8.414547387731473593e-01 9.792520900975057452e-02
6.905468881375344259e-02 8.566194463158065542e-01 7.432586487044014201e-02
3.642807238887026122e-02 9.635719276111297527e-01 0.000000000000000000e+00
1.198550526880230033e-01 0.000000000000000000e+00 8.801449473119771216e-01
1.262881880602569618e-01 3.039255034202053771e-02 8.433192615977224138e-01
1.272444487197889607e-01 7.062862437246356095e-02 8.021269269077475617e-01
1.152432872809482922e-01 1.640979018198467365e-01 7.206588108992049158e-01
1.242179423432105412e-01 2.000524973088114722e-01 6.757295603479780421e-01
1.525327271253844319e-01 2.759308235781514074e-01 5.715364492964641885e-01
1.214402746212486645e-01 3.989317425093963920e-01 4.796279828693549296e-01
1.014956915754252897e-01 4.290654319293450980e-01 4.694388764952297510e-01
1.438432582621196887e-01 4.409646918171594154e-01 4.151920499207208959e-01
1.455384559208839357e-01 5.732513665986024298e-01 2.812101774805135235e-01
1.577553739483330275e-01 5.972148535065349151e-01 2.450297725451319741e-01
1.264068414145478880e-01 6.641895169666895971e-01 2.094036416187624872e-01
1.255490810530966173e-01 7.222651053583293290e-01 1.521858135885740815e-01
8.091435972967037094e-02 7.945047311624722219e-01 1.245809091078575320e-01
1.013344953772156720e-01 8.168203990945990256e-01 8.184510552818557994e-02
1.083559697515556336e-01 8.916440302484442970e-01 0.000000000000000000e+00
1.620051339432685977e-01 0.000000000000000000e+00 8.379948660567312357e-01
1.867774287643470810e-01 6.430907010175725136e-02 7.489135011338956538e-01
1.941578448341212682e-01 1.018740131237985819e-01 7.039681420420801361e-01
1.761267234548515304e-01 1.569935411981066287e-01 6.668797353470420353e-01
2.062727349406572874e-01 1.993302843147616299e-01 5.943969807445809161e-01
1.818690853483460879e-01 2.790218831965152746e-01 5.391090314551386653e-01
1.666807899797343728e-01 3.676952888084547566e-01 4.656239212118109538e-01
1.876164117568703549e-01 4.099648655105312400e-01 4.024187227325984328e-01
1.936227315841309582e-01 4.612714435961867698e-01 3.451058248196822720e-01
1.804030078442107055e-01 5.627641076074534343e-01 2.568328845483358047e-01
2.194036184526138022e-01 5.857828769971693550e-01 1.948135045502168150e-01
1.902045042044779033e-01 6.605366883323303684e-01 1.492588074631917283e-01
2.003908262849674049e-01 6.839641985433667637e-01 1.156449751716658175e-01
2.026830990581852399e-01 7.410624565913584982e-01 5.625444435045635211e-02
1.814822162025956920e-01 8.185177837974042525e-01 0.000000000000000000e+00
2.171669726394218347e-01 0.000000000000000000e+00 7.828330273605781375e-01
2.300803796091014097e-01 6.830544937380153558e-02 7.016141710170968881e-01
2.355267648456568219e-01 1.221736905339542711e-01 6.422995446203889625e-01
2.375944213625054147e-01 1.465469628464534657e-01 6.158586157910410641e-01
2.215460080208748461e-01 2.335344464147500743e-01 5.449195455643750519e-01
2.696443157293484383e-01 2.733411891682311357e-01 4.570144951024205371e-01
2.332794978980991529e-01 3.463182179502054536e-01 4.204022841516953934e-01
2.344572172646055552e-01 4.174312708447893150e-01 3.481115118906051298e-01
2.455101202987254316e-01 4.397777481001899358e-01 3.147121316010846326e-01
2.700619652150787475e-01 5.042279241915696986e-01 2.257101105933515539e-01
2.363554228555775349e-01 5.918575345735977988e-01 1.717870425708248605e-01
2.591240895942074074e-01 6.480080594775678993e-01 9.286785092822479049e-02
2.370094846809783218e-01 7.080204943113121985e-01 5.497002100770947974e-02
2.818140155494623933e-01 7.181859844505376067e-01 0.000000000000000000e+00
2.768873981037255905e-01 0.000000000000000000e+00 7.231126018962744650e-01
3.155074721862686782e-01 6.730660087494584609e-02 6.171859269387853786e-01
3.134986035365153190e-01 1.043267812018625063e-01 5.821746152616220638e-01
3.142726686633462996e-01 1.741662523730227730e-01 5.115610789636308997e-01
3.028072703872883853e-01 2.138978910157802171e-01 4.832948385969314531e-01
3.265138899669096650e-01 2.594007747399065811e-01 4.140853352931838094e-01
2.967110300553841840e-01 3.569121582656298308e-01 3.463768116789859297e-01
3.070495658027928010e-01 3.928057118359571387e-01 3.001447223612500048e-01
2.986872376019438224e-01 4.317989925032897358e-01 2.695137698947664417e-01
3.207139591337727635e-01 4.918058521489560020e-01 1.874801887172711234e-01
3.119876376753701330e-01 5.804643474630011291e-01 1.075480148616286824e-01
3.269050340721593173e-01 6.482586634669669223e-01 2.483630246087375343e-02
3.335016202261539831e-01 6.664983797738459614e-01 0.000000000000000000e+00
3.396875001284522244e-01 0.000000000000000000e+00 6.603124998715479421e-01
3.488515581900386020e-01 4.937166528347677191e-02 6.017767765264845359e-01
3.452112467948020846e-01 1.312284272394423634e-01 5.235603259657555242e-01
3.915741321115120410e-01 1.718319557254160412e-01 4.365939121630718622e-01
3.472316215312945542e-01 2.375241470579438352e-01 4.152442314107616661e-01
3.694312832805808355e-01 2.854014812956109926e-01 3.451672354238081164e-01
3.574870716543042670e-01 3.425244942788319147e-01 2.999884340668635963e-01
3.520536376756185915e-01 4.144861776721510682e-01 2.334601846522303681e-01
3.879978911926468821e-01 4.588567124079190318e-01 1.531453963994340861e-01
3.716273207366995734e-01 5.140984048862233813e-01 1.142742743770771424e-01
3.462252410832337146e-01 6.064269588341706374e-01 4.734780008259561329e-02
3.569187464831978240e-01 6.430812535168022315e-01 0.000000000000000000e+00
4.011576878230230792e-01 0.000000000000000000e+00 5.988423121769771429e-01
3.990545278433372811e-01 3.167862511436576184e-02 5.692668470422971305e-01
4.377390835263621494e-01 1.271970789308372318e-01 4.350638375428005911e-01
4.097283668213708707e-01 1.920457576646967535e-01 3.982258755139325146e-01
4.262514680976109416e-01 2.240443428918129365e-01 3.497041890105761497e-01
4.299032772842932282e-01 2.626687713893252063e-01 3.074279513263816765e-01
4.277981993405682859e-01 3.470379690274846829e-01 2.251638316319470867e-01
4.035111196944528023e-01 4.352492722655616486e-01 1.612396080399856602e-01
4.324283849254414447e-01 4.941080882588958501e-01 7.346352681566292731e-02
3.916539015546835478e-01 5.420614075944931720e-01 6.628469085082341894e-02
3.965885829320337508e-01 6.034114170679661937e-01 0.000000000000000000e+00
4.711940490456740793e-01 0.000000000000000000e+00 5.288059509543259207e-01
4.526543512574536798e-01 6.179424583007538108e-02 4.855514029124708975e-01
4.601553454827025380e-01 1.045824006405689510e-01 4.352622538767284555e-01
4.666880597868486857e-01 1.802653806639648859e-01 3.530465595491864561e-01
4.884759659902488393e-01 2.424599122333909451e-01 2.690641217763602433e-01
4.998297306921206662e-01 2.939165644388304077e-01 2.062537048690489261e-01
4.688331391582933882e-01 3.730497145678977056e-01 1.581171462738089895e-01
4.581701020790919232e-01 4.020173015031766051e-01 1.398125964177315550e-01
4.609926971839924947e-01 5.037554403106911938e-01 3.525186250531627680e-02
4.369750519325353855e-01 5.630249480674645035e-01 0.000000000000000000e+00
5.315410007494116851e-01 0.000000000000000000e+00 4.684589992505882039e-01
5.163722117218889629e-01 5.614274856499454347e-02 4.274850397131164104e-01
4.963477898892290630e-01 1.366828205353657621e-01 3.669693895754052027e-01
5.382280069710493331e-01 1.982106628638433676e-01 2.635613301651074103e-01
5.236819483291355048e-01 2.599830236144880513e-01 2.163350280563764438e-01
5.321073062840154799e-01 2.839850623098333360e-01 1.839076314061511286e-01
5.092778571712360813e-01 3.526855749407750706e-01 1.380365678879889035e-01
5.387872642838444914e-01 4.085665608929546777e-01 5.264617482320098352e-02
5.427143916302643589e-01 4.572856083697356411e-01 0.000000000000000000e+00
5.901456796080101208e-01 0.000000000000000000e+00 4.098543203919898792e-01
5.511643435510140687e-01 6.953647534212110959e-02 3.792991811068648911e-01
5.806956782864993727e-01 7.933775915451971028e-02 3.399665625589809448e-01
5.954332182619138658e-01 1.705701555712588469e-01 2.339966261668273706e-01
5.910610883817274397e-01 2.397775877229516850e-01 1.691613238953207643e-01
6.114539526577611461e-01 2.688440961080516001e-01 1.197019512341871567e-01
5.969297886746673942e-01 3.609045556794536758e-01 4.216565564587897164e-02
6.071217534313275710e-01 3.928782465686724845e-01 0.000000000000000000e+00
6.091085040985034782e-01 0.000000000000000000e+00 3.908914959014966883e-01
6.312212879367768981e-01 6.411857012459246108e-02 3.046601419386306686e-01
6.713441112611566730e-01 1.148828106158962387e-01 2.137730781229470467e-01
6.571659257875616111e-01 1.728486014480663246e-01 1.699854727643719532e-01
6.617143482506396834e-01 2.364161729737375428e-01 1.018694787756227321e-01
6.524388199987329884e-01 2.600976159500544282e-01 8.746356405121240296e-02
6.298928325875017276e-01 3.701071674124983835e-01 0.000000000000000000e+00
7.286906694864547784e-01 0.000000000000000000e+00 2.713093305135454991e-01
6.976091963763763060e-01 5.415113720596559377e-02 2.482396664176582668e-01
7.356276744264267364e-01 9.479696920783162173e-02 1.695753563657415586e-01
6.976199308029191748e-01 1.969556103196352659e-01 1.054244588774456981e-01
7.032024182201601636e-01 2.270542416964547450e-01 6.974334008338502200e-02
7.011569938753746678e-01 2.988430061246253322e-01 0.000000000000000000e+00
7.739825442065008110e-01 0.000000000000000000e+00 2.260174557934993556e-01
7.933014094748174205e-01 4.397090149554788024e-02 1.627276890296346645e-01
7.582324700887214108e-01 1.075913319570651894e-01 1.341761979542133443e-01
7.533828543511480458e-01 1.674437269355071867e-01 7.917341871334465653e-02
7.309449194320708498e-01 2.690550805679290947e-01 0.000000000000000000e+00
8.323056504055611482e-01 0.000000000000000000e+00 1.676943495944387408e-01
8.428034727701629869e-01 5.069959890740986796e-02 1.064969283224271035e-01
8.405551829706550127e-01 8.180241237165536416e-02 7.764240465768969257e-02
8.697186823093975283e-01 1.302813176906024439e-01 0.000000000000000000e+00
8.903118138836785267e-01 0.000000000000000000e+00 1.096881861163214178e-01
8.830685234433135467e-01 5.853868412094350576e-02 5.839279243574305167e-02
9.184735390708659297e-01 8.152646092913402864e-02 0.000000000000000000e+00
9.838609677663811004e-01 0.000000000000000000e+00 1.613903223361889613e-02
9.305239727833540808e-01 6.947602721664596082e-02 0.000000000000000000e+00
1.000000000000000000e+00 0.000000000000000000e+00 0.000000000000000000e+00
