0.000000000000000000e+00 0.000000000000000000e+00 1.000000000000000000e+00
0.000000000000000000e+00 6.690910144476458488e-02 9.330908985552354151e-01
0.000000000000000000e+00 1.062917317967433800e-01 8.937082682032567726e-01
0.000000000000000000e+00 1.682971905215612796e-01 8.317028094784388870e-01
0.000000000000000000e+00 2.190455119351913116e-01 7.809544880648084941e-01
0.000000000000000000e+00 3.000216370398155474e-01 6.999783629601846746e-01
0.000000000000000000e+00 3.590051910308869054e-01 6.409948089691130946e-01
0.000000000000000000e+00 4.117071829488908596e-01 5.882928170511090293e-01
0.000000000000000000e+00 4.736889927375290688e-01 5.263110072624709312e-01
0.000000000000000000e+00 5.347437198946285442e-01 4.652562801053713448e-01
0.000000000000000000e+00 5.882352941176470784e-01 4.117647058823529216e-01
0.000000000000000000e+00 6.470588235294117974e-01 3.529411764705882582e-01
0.000000000000000000e+00 7.105206076207215560e-01 2.894793923792786661e-01
0.000000000000000000e+00 7.660393080329670479e-01 2.339606919670329521e-01
0.000000000000000000e+00 8.231820871899145908e-01 1.768179128100853814e-01
0.000000000000000000e+00 8.907146386414710459e-01 1.092853613585292039e-01
0.000000000000000000e+00 9.423812704152148001e-01 5.761872958478529705e-02
0.000000000000000000e+00 1.000000000000000000e+00 0.000000000000000000e+00
6.085821846974805854e-02 0.000000000000000000e+00 9.391417815302519623e-01
5.893452363145502276e-02 5.915214459002231945e-02 8.819133317785226023e-01
6.306901502641451551e-02 1.148616828364066034e-01 8.220693021371788811e-01
5.312852900011107160e-02 1.797043313670577958e-01 7.671671396328310077e-01
6.001594436950943162e-02 2.400439072575858979e-01 6.999401483729048579e-01
6.153809663654526835e-02 2.941821005577880399e-01 6.442798028056667681e-01
5.415793855673433493e-02 3.578337534045620827e-01 5.880083080387034089e-01
5.938862513774622459e-02 4.117145839933758489e-01 5.288967908688779751e-01
5.567047575137925447e-02 4.694263240300114992e-01 4.749032002186091561e-01
5.378543283637361727e-02 5.248139162776707112e-01 4.214006508859556299e-01
6.023814981303282634e-02 5.909017958998956654e-01 3.488600542870715637e-01
5.380589134462120809e-02 6.460419132103349948e-01 3.001521954450438456e-01
5.581535714910286494e-02 7.020449325271606034e-01 2.421397103237366843e-01
5.450869446381557265e-02 7.638762879542925210e-01 1.816150175818919688e-01
5.964691282870231148e-02 8.131106278073707561e-01 1.272424593639269463e-01
6.060780162810913696e-02 8.782949735947201964e-01 6.109722477717077771e-02
5.566232871099655033e-02 9.443376712890034774e-01 0.000000000000000000e+00
1.174195779501192444e-01 0.000000000000000000e+00 8.825804220498807418e-01
1.210318656794833608e-01 5.721323666711042311e-02 8.217548976534062577e-01
1.179060789295993672e-01 1.206957726743524972e-01 7.613981483960481356e-01
1.173023569198839849e-01 1.762061568455446370e-01 7.064914862345714752e-01
1.225043771308024221e-01 2.333807131324582562e-01 6.441149097367393495e-01
1.118658829474871580e-01 2.981606410387684925e-01 5.899734760137442802e-01
1.161100370212476418e-01 3.609985087387366232e-01 5.228914542400157073e-01
1.140445187928310067e-01 4.152350707486837655e-01 4.707204104584852833e-01
1.137508892625210405e-01 4.742803831228934452e-01 4.119687276145855837e-01
1.104239823172322860e-01 5.351296056730492356e-01 3.544464120097184923e-01
1.170958045612240234e-01 5.947197523428932042e-01 2.881844430958827585e-01
1.168715050976182196e-01 6.395012725062558800e-01 2.436272223961260808e-01
1.107521052000503964e-01 7.027914343564518607e-01 1.864564604434977291e-01
1.176470588235294101e-01 7.647058823529411242e-01 1.176470588235294101e-01
1.206572875482893881e-01 8.245703463219282714e-01 5.477236612978229197e-02
1.250854520943739390e-01 8.749145479056259500e-01 0.000000000000000000e+00
1.761724381626098013e-01 0.000000000000000000e+00 8.238275618373900322e-01
1.819328234504396791e-01 5.688945348066144075e-02 7.611777230688989704e-01
1.796805203519172833e-01 1.204527783341083208e-01 6.998667013139743265e-01
1.823785897735312189e-01 1.716050483701241358e-01 6.460163618563447008e-01
1.798366479200439461e-01 2.300666378793697620e-01 5.900967142005864030e-01
1.738263509322107436e-01 2.918018084988865390e-01 5.343718405689027451e-01
1.795130265525451407e-01 3.465607958945686184e-01 4.739261775528862408e-01
1.748748143160982482e-01 4.170478096024777259e-01 4.080773760814239148e-01
1.753903581649935706e-01 4.710098128199159406e-01 3.535998290150905721e-01
1.754716985373874494e-01 5.300464770286656968e-01 2.944818244339468816e-01
1.719006875395019118e-01 5.928561428646567100e-01 2.352431695958415170e-01
1.737924335549236310e-01 6.462701018083448767e-01 1.799374646367315200e-01
1.779761768292527635e-01 7.094085749087825077e-01 1.126152482619649370e-01
1.782237017429988413e-01 7.686666330462437191e-01 5.310966521075739105e-02
1.729087668227657915e-01 8.270912331772340975e-01 0.000000000000000000e+00
2.378147102505487331e-01 0.000000000000000000e+00 7.621852897494509893e-01
2.325863155701448637e-01 5.951541717977473084e-02 7.078982672500805373e-01
2.389347108811235854e-01 1.164936124869436346e-01 6.445716766319328217e-01
2.327335425875748376e-01 1.753582767247802987e-01 5.919081806876449470e-01
2.343371220920087705e-01 2.338496761456908546e-01 5.318132017623004026e-01
2.280685215886867345e-01 2.978304360824631791e-01 4.741010423288500308e-01
2.452196290792587607e-01 3.475082622555964451e-01 4.072721086651448497e-01
2.338348045595213254e-01 4.168824420349794280e-01 3.492827534054993022e-01
2.390654306546461660e-01 4.671703690371629136e-01 2.937642003081909481e-01
2.371454279283215782e-01 5.275968613551139663e-01 2.352577107165645387e-01
2.328878108879788023e-01 5.921574728132312782e-01 1.749547162987898918e-01
2.335031964550766947e-01 6.504651196959989612e-01 1.160316838489243163e-01
2.343679800647072153e-01 7.060579936401948364e-01 5.957402629509798292e-02
2.281811713367582484e-01 7.718188286632415851e-01 0.000000000000000000e+00
2.934624817346667691e-01 0.000000000000000000e+00 7.065375182653332864e-01
3.020983141314930731e-01 5.276248648776181438e-02 6.451391993807451541e-01
3.011965637351494141e-01 1.034000010267199093e-01 5.954034352381308848e-01
2.962602007582174068e-01 1.721212426206735757e-01 5.316185566211089064e-01
2.927108899027749400e-01 2.281849888397803616e-01 4.791041212574447261e-01
2.939770428275545466e-01 2.997535715963190461e-01 4.062693855761266293e-01
2.972560684613397286e-01 3.526936672613183443e-01 3.500502642773418716e-01
2.941176470588235392e-01 4.117647058823529216e-01 2.941176470588235392e-01
2.991672985806659302e-01 4.687332349746506921e-01 2.320994664446834888e-01
2.937335800788662965e-01 5.308361176731698494e-01 1.754303022479639651e-01
2.909763436125247793e-01 5.951901483285054750e-01 1.138335080589696624e-01
2.975242264323285646e-01 6.455974091864599140e-01 5.687836438121164628e-02
2.812089315666133627e-01 7.187910684333868039e-01 0.000000000000000000e+00
3.589622282570844591e-01 0.000000000000000000e+00 6.410377717429156519e-01
3.476961572937311562e-01 6.572486609725658457e-02 5.865789766090122592e-01
3.555151574418315419e-01 1.152988464678020714e-01 5.291859960903664284e-01
3.531334115149968866e-01 1.754955772045033724e-01 4.713710112804998520e-01
3.551809699495789285e-01 2.405974505902857830e-01 4.042215794601352608e-01
3.634836160959001305e-01 2.841320306270987972e-01 3.523843532770011833e-01
3.458726813511071030e-01 3.595657533729638700e-01 2.945615652759292491e-01
3.456585412209788322e-01 4.147630134475157604e-01 2.395784453315054074e-01
3.567806118683105598e-01 4.653755670426373836e-01 1.778438210890520565e-01
3.574962318922354498e-01 5.284768911238764133e-01 1.140268769838881924e-01
3.463658181425060545e-01 5.900346485021271681e-01 6.359953335536709662e-02
3.466540301649018163e-01 6.533459698350982947e-01 0.000000000000000000e+00
4.133229440114184472e-01 0.000000000000000000e+00 5.866770559885814418e-01
4.271665989402075869e-01 4.700037042862996450e-02 5.258330306311623792e-01
4.087829011036369087e-01 1.280646132829264816e-01 4.631524856134364709e-01
4.100348774670323215e-01 1.753036904574176436e-01 4.146614320755499516e-01
4.162081676653751616e-01 2.248463718380067089e-01 3.589454604966182405e-01
4.205863687585711941e-01 2.887147254459757062e-01 2.906989057954529887e-01
4.113707243895758370e-01 3.525438277297414102e-01 2.360854478806827250e-01
4.061427127546006766e-01 4.145619481439578591e-01 1.792953391014412146e-01
4.125644649124828311e-01 4.680483907882754258e-01 1.193871442992416460e-01
4.135637945820107020e-01 5.323177995781324112e-01 5.411840583985680353e-02
4.125032105423977469e-01 5.874967894576024197e-01 0.000000000000000000e+00
4.738111963014909334e-01 0.000000000000000000e+00 5.261888036985091777e-01
4.721126649465380298e-01 5.649192241588261998e-02 4.713954126375792808e-01
4.761087103248155539e-01 1.076953429939344203e-01 4.161959466812500397e-01
4.680238911245276912e-01 1.778516397437011343e-01 3.541244691317713134e-01
4.711883617566727800e-01 2.321262351851395844e-01 2.966854030581876911e-01
4.711556127421933637e-01 2.906056929934669464e-01 2.382386942643397176e-01
4.705903323300805741e-01 3.529423148450743231e-01 1.764673528248451029e-01
4.699365609888473405e-01 4.089074894476971145e-01 1.211559495634557115e-01
4.706235705419753446e-01 4.660211592661213653e-01 6.335527019190326237e-02
4.797320635036120828e-01 5.202679364963879172e-01 0.000000000000000000e+00
5.294117647058823595e-01 0.000000000000000000e+00 4.705882352941176405e-01
5.354160090812773998e-01 5.407536600118190151e-02 4.105086249175408653e-01
5.252061609119978991e-01 1.213846358426086125e-01 3.534092032453934884e-01
5.312254749458652503e-01 1.757410057149420002e-01 2.930335193391928605e-01
5.238196973204233275e-01 2.319655912146540155e-01 2.442147114649226292e-01
5.311542602851652140e-01 2.940019451339243584e-01 1.748437945809105110e-01
5.198027305320658265e-01 3.608270212713568514e-01 1.193702481965773499e-01
5.332444364105328738e-01 4.139240208128832643e-01 5.283154277658384107e-02
5.317678811558030905e-01 4.682321188441970761e-01 0.000000000000000000e+00
5.882352941176470784e-01 0.000000000000000000e+00 4.117647058823529216e-01
5.855988628938799678e-01 6.215641671671510993e-02 3.522447203894050749e-01
5.874475427288892160e-01 1.175494905801560269e-01 2.950029666909547710e-01
5.918902896126650992e-01 1.733618773130883861e-01 2.347478330742465980e-01
5.888102944774591396e-01 2.372172968693339046e-01 1.739724086532070946e-01
5.882352941176470784e-01 2.941176470588235392e-01 1.176470588235294101e-01
5.934480087605858989e-01 3.527184335299639595e-01 5.383355770945020408e-02
5.903053217538285491e-01 4.096946782461714509e-01 0.000000000000000000e+00
6.377510994717969783e-01 0.000000000000000000e+00 3.622489005282030772e-01
6.485827299826304460e-01 5.657923357326256897e-02 2.948380364441070545e-01
6.493033298656009089e-01 1.176855493329990732e-01 2.330111208014000179e-01
6.529149053198572972e-01 1.760316867456920287e-01 1.710534079344507574e-01
6.421844844011013187e-01 2.400302819921952546e-01 1.177852336067033850e-01
6.509890008539694906e-01 2.904478543633269849e-01 5.856314478270355228e-02
6.522048205302017898e-01 3.477951794697983212e-01 0.000000000000000000e+00
7.052633716922707130e-01 0.000000000000000000e+00 2.947366283077291760e-01
6.991380894004808333e-01 5.965152656829219441e-02 2.412103840312268543e-01
7.058941927075660372e-01 1.192069923322684882e-01 1.748988149601655440e-01
7.133529729276151254e-01 1.667888139357461552e-01 1.198582131366388859e-01
7.106933897669169831e-01 2.347631580938665252e-01 5.454345213921649865e-02
7.099941930399999990e-01 2.900058069600003896e-01 0.000000000000000000e+00
7.593958437598826716e-01 0.000000000000000000e+00 2.406041562401171896e-01
7.629453091417206512e-01 6.333017128378400085e-02 1.737245195744951953e-01
7.613662556773053147e-01 1.167156024442998763e-01 1.219181418783947257e-01
7.636273495550339740e-01 1.780374852270164288e-01 5.833516521794940290e-02
7.630319262061011631e-01 2.369680737938988924e-01 0.000000000000000000e+00
8.241611171289986437e-01 0.000000000000000000e+00 1.758388828710012453e-01
8.278430179650073661e-01 5.825943504676710238e-02 1.138975469882255315e-01
8.196689069493681146e-01 1.155332610399416732e-01 6.479783201069018450e-02
8.205605429526048322e-01 1.794394570473951123e-01 0.000000000000000000e+00
8.781050057320359814e-01 0.000000000000000000e+00 1.218949942679640047e-01
8.899452450119185176e-01 5.352914123272844299e-02 5.652561375535288674e-02
8.952573149364372318e-01 1.047426850635626433e-01 0.000000000000000000e+00
9.469078208216994419e-01 0.000000000000000000e+00 5.309217917830082872e-02
9.362104452951249822e-01 6.378955470487508717e-02 0.000000000000000000e+00
1.000000000000000000e+00 0.000000000000000000e+00 0.000000000000000000e+00
