1.710556731649542916e-02 1.710556731649542916e-02 9.657888653670092527e-01
1.710556731649542916e-02 1.752194503249143720e-01 8.076749823585902543e-01
1.710556731649542916e-02 3.333333333333333148e-01 6.495610993501712560e-01
1.710556731649542916e-02 4.914472163417522577e-01 4.914472163417522577e-01
1.710556731649542916e-02 6.495610993501712560e-01 3.333333333333333148e-01
1.710556731649542916e-02 8.076749823585902543e-01 1.752194503249143720e-01
1.710556731649542916e-02 9.657888653670092527e-01 1.710556731649542916e-02
1.752194503249143720e-01 1.710556731649542916e-02 8.076749823585902543e-01
1.752194503249143720e-01 1.752194503249143720e-01 6.495610993501712560e-01
1.752194503249143720e-01 3.333333333333333148e-01 4.914472163417522577e-01
1.752194503249143720e-01 4.914472163417522577e-01 3.333333333333333148e-01
1.752194503249143720e-01 6.495610993501712560e-01 1.752194503249143720e-01
1.752194503249143720e-01 8.076749823585902543e-01 1.710556731649542916e-02
3.333333333333333148e-01 1.710556731649542916e-02 6.495610993501712560e-01
3.333333333333333148e-01 1.752194503249143720e-01 4.914472163417522577e-01
3.333333333333333148e-01 3.333333333333333148e-01 3.333333333333333148e-01
3.333333333333333148e-01 4.914472163417522577e-01 1.752194503249143720e-01
3.333333333333333148e-01 6.495610993501712560e-01 1.710556731649542916e-02
4.914472163417522577e-01 1.710556731649542916e-02 4.914472163417522577e-01
4.914472163417522577e-01 1.752194503249143720e-01 3.333333333333333148e-01
4.914472163417522577e-01 3.333333333333333148e-01 1.752194503249143720e-01
4.914472163417522577e-01 4.914472163417522577e-01 1.710556731649542916e-02
6.495610993501712560e-01 1.710556731649542916e-02 3.333333333333333148e-01
6.495610993501712560e-01 1.752194503249143720e-01 1.752194503249143720e-01
6.495610993501712560e-01 3.333333333333333148e-01 1.710556731649542916e-02
8.076749823585902543e-01 1.710556731649542916e-02 1.752194503249143720e-01
8.076749823585902543e-01 1.752194503249143720e-01 1.710556731649542916e-02
9.657888653670092527e-01 1.710556731649542916e-02 1.710556731649542916e-02
