3.519093633336140003e-02 3.519093633336140003e-02 9.296181273332773110e-01
3.519093633336140003e-02 1.842621348333473574e-01 7.805469288332912425e-01
3.519093633336140003e-02 3.333333333333333148e-01 6.314757303333051741e-01
3.519093633336140003e-02 4.824045318333193277e-01 4.824045318333193277e-01
3.519093633336140003e-02 6.314757303333051741e-01 3.333333333333333148e-01
3.519093633336140003e-02 7.805469288332912425e-01 1.842621348333473574e-01
3.519093633336140003e-02 9.296181273332773110e-01 3.519093633336140003e-02
1.842621348333473574e-01 3.519093633336140003e-02 7.805469288332912425e-01
1.842621348333473574e-01 1.842621348333473574e-01 6.314757303333051741e-01
1.842621348333473574e-01 3.333333333333333148e-01 4.824045318333193277e-01
1.842621348333473574e-01 4.824045318333193277e-01 3.333333333333333148e-01
1.842621348333473574e-01 6.314757303333051741e-01 1.842621348333473574e-01
1.842621348333473574e-01 7.805469288332912425e-01 3.519093633336140003e-02
3.333333333333333148e-01 3.519093633336140003e-02 6.314757303333051741e-01
3.333333333333333148e-01 1.842621348333473574e-01 4.824045318333193277e-01
3.333333333333333148e-01 3.333333333333333148e-01 3.333333333333333148e-01
3.333333333333333148e-01 4.824045318333193277e-01 1.842621348333473574e-01
3.333333333333333148e-01 6.314757303333051741e-01 3.519093633336140003e-02
4.824045318333193277e-01 3.519093633336140003e-02 4.824045318333193277e-01
4.824045318333193277e-01 1.842621348333473574e-01 3.333333333333333148e-01
4.824045318333193277e-01 3.333333333333333148e-01 1.842621348333473574e-01
4.824045318333193277e-01 4.824045318333193277e-01 3.519093633336140003e-02
6.314757303333051741e-01 3.519093633336140003e-02 3.333333333333333148e-01
6.314757303333051741e-01 1.842621348333473574e-01 1.842621348333473574e-01
6.314757303333051741e-01 3.333333333333333148e-01 3.519093633336140003e-02
7.805469288332912425e-01 3.519093633336140003e-02 1.842621348333473574e-01
7.805469288332912425e-01 1.842621348333473574e-01 3.519093633336140003e-02
9.296181273332773110e-01 3.519093633336140003e-02 3.519093633336140003e-02
