5.444665782197483095e-02 5.444665782197483095e-02 8.911066843560504491e-01
5.444665782197483095e-02 1.938899955776540729e-01 7.516633466003710407e-01
5.444665782197483095e-02 3.333333333333333148e-01 6.122200088446918542e-01
5.444665782197483095e-02 4.727766710890125568e-01 4.727766710890125568e-01
5.444665782197483095e-02 6.122200088446918542e-01 3.333333333333333148e-01
5.444665782197483095e-02 7.516633466003710407e-01 1.938899955776540729e-01
5.444665782197483095e-02 8.911066843560504491e-01 5.444665782197483095e-02
1.938899955776540729e-01 5.444665782197483095e-02 7.516633466003710407e-01
1.938899955776540729e-01 1.938899955776540729e-01 6.122200088446918542e-01
1.938899955776540729e-01 3.333333333333333148e-01 4.727766710890125568e-01
1.938899955776540729e-01 4.727766710890125568e-01 3.333333333333333148e-01
1.938899955776540729e-01 6.122200088446918542e-01 1.938899955776540729e-01
1.938899955776540729e-01 7.516633466003710407e-01 5.444665782197483095e-02
3.333333333333333148e-01 5.444665782197483095e-02 6.122200088446918542e-01
3.333333333333333148e-01 1.938899955776540729e-01 4.727766710890125568e-01
3.333333333333333148e-01 3.333333333333333148e-01 3.333333333333333148e-01
3.333333333333333148e-01 4.727766710890125568e-01 1.938899955776540729e-01
3.333333333333333148e-01 6.122200088446918542e-01 5.444665782197483095e-02
4.727766710890125568e-01 5.444665782197483095e-02 4.727766710890125568e-01
4.727766710890125568e-01 1.938899955776540729e-01 3.333333333333333148e-01
4.727766710890125568e-01 3.333333333333333148e-01 1.938899955776540729e-01
4.727766710890125568e-01 4.727766710890125568e-01 5.444665782197483095e-02
6.122200088446918542e-01 5.444665782197483095e-02 3.333333333333333148e-01
6.122200088446918542e-01 1.938899955776540729e-01 1.938899955776540729e-01
6.122200088446918542e-01 3.333333333333333148e-01 5.444665782197483095e-02
7.516633466003710407e-01 5.444665782197483095e-02 1.938899955776540729e-01
7.516633466003710407e-01 1.938899955776540729e-01 5.444665782197483095e-02
8.911066843560504491e-01 5.444665782197483095e-02 5.444665782197483095e-02
