7.513444358617221708e-02 7.513444358617221708e-02 8.497311128276556769e-01
7.513444358617221708e-02 2.042338884597527660e-01 7.206316679540749615e-01
7.513444358617221708e-02 3.333333333333333148e-01 5.915322230804944681e-01
7.513444358617221708e-02 4.624327782069138637e-01 4.624327782069138637e-01
7.513444358617221708e-02 5.915322230804944681e-01 3.333333333333333148e-01
7.513444358617221708e-02 7.206316679540749615e-01 2.042338884597527660e-01
7.513444358617221708e-02 8.497311128276556769e-01 7.513444358617221708e-02
2.042338884597527660e-01 7.513444358617221708e-02 7.206316679540749615e-01
2.042338884597527660e-01 2.042338884597527660e-01 5.915322230804944681e-01
2.042338884597527660e-01 3.333333333333333148e-01 4.624327782069138637e-01
2.042338884597527660e-01 4.624327782069138637e-01 3.333333333333333148e-01
2.042338884597527660e-01 5.915322230804944681e-01 2.042338884597527660e-01
2.042338884597527660e-01 7.206316679540749615e-01 7.513444358617221708e-02
3.333333333333333148e-01 7.513444358617221708e-02 5.915322230804944681e-01
3.333333333333333148e-01 2.042338884597527660e-01 4.624327782069138637e-01
3.333333333333333148e-01 3.333333333333333148e-01 3.333333333333333148e-01
3.333333333333333148e-01 4.624327782069138637e-01 2.042338884597527660e-01
3.333333333333333148e-01 5.915322230804944681e-01 7.513444358617221708e-02
4.624327782069138637e-01 7.513444358617221708e-02 4.624327782069138637e-01
4.624327782069138637e-01 2.042338884597527660e-01 3.333333333333333148e-01
4.624327782069138637e-01 3.333333333333333148e-01 2.042338884597527660e-01
4.624327782069138637e-01 4.624327782069138637e-01 7.513444358617221708e-02
5.915322230804944681e-01 7.513444358617221708e-02 3.333333333333333148e-01
5.915322230804944681e-01 2.042338884597527660e-01 2.042338884597527660e-01
5.915322230804944681e-01 3.333333333333333148e-01 7.513444358617221708e-02
7.206316679540749615e-01 7.513444358617221708e-02 2.042338884597527660e-01
7.206316679540749615e-01 2.042338884597527660e-01 7.513444358617221708e-02
8.497311128276556769e-01 7.513444358617221708e-02 7.513444358617221708e-02
