0.000000000000000000e+00 0.000000000000000000e+00 1.000000000000000000e+00
0.000000000000000000e+00 1.698602613343104528e-02 9.830139738665688576e-01
0.000000000000000000e+00 6.937250622384262544e-02 9.306274937761576105e-01
0.000000000000000000e+00 1.380574734913604940e-01 8.619425265086396726e-01
0.000000000000000000e+00 2.196151476143604342e-01 7.803848523856397046e-01
0.000000000000000000e+00 3.078785656063502407e-01 6.921214343936498148e-01
0.000000000000000000e+00 4.349574026079379152e-01 5.650425973920620848e-01
0.000000000000000000e+00 4.964181874645893222e-01 5.035818125354105668e-01
0.000000000000000000e+00 5.569477810456766598e-01 4.430522189543231182e-01
0.000000000000000000e+00 5.929111603106090866e-01 4.070888396893905803e-01
0.000000000000000000e+00 6.514125130379292417e-01 3.485874869620706473e-01
0.000000000000000000e+00 7.350110771166109558e-01 2.649889228833890442e-01
0.000000000000000000e+00 8.824798009966852153e-01 1.175201990033149235e-01
0.000000000000000000e+00 9.513966730893457235e-01 4.860332691065449850e-02
0.000000000000000000e+00 9.892692379385266133e-01 1.073076206147336766e-02
0.000000000000000000e+00 1.000000000000000000e+00 0.000000000000000000e+00
5.970668678161143023e-02 0.000000000000000000e+00 9.402933132183887155e-01
4.228685559764526480e-02 5.484451478269876390e-02 9.028686296196559713e-01
6.592068731317976549e-02 9.878090386047951033e-02 8.352984088263407658e-01
7.283742972781732938e-02 1.848534655624848033e-01 7.423091047096979089e-01
8.657108106010420745e-02 2.208567344940594035e-01 6.925721844458361254e-01
7.153152558536442218e-02 3.703023476579108686e-01 5.581661267567248341e-01
4.248356362531360148e-02 4.335925303742702019e-01 5.239239060004162729e-01
6.219496720934852146e-02 4.755097157512868655e-01 4.622953170393646616e-01
8.752180646398639852e-02 5.509216647989821913e-01 3.615565287370312575e-01
9.649923831032430899e-02 5.981332674033974506e-01 3.053674942862781849e-01
9.871547495155368057e-02 6.132868865000339342e-01 2.879976385484124268e-01
3.730721967648145676e-02 7.826865301864440738e-01 1.800062501370745527e-01
8.898414415478245187e-02 8.101367751673067552e-01 1.008790806779110288e-01
3.720061991327822115e-02 9.017011902877083429e-01 6.109818979901358860e-02
2.469666843883850521e-02 9.753033315611616683e-01 0.000000000000000000e+00
1.565632504289458105e-01 0.000000000000000000e+00 8.434367495710543006e-01
1.351780219218415846e-01 3.893642004075371921e-02 8.258855580374047101e-01
1.502324420221148316e-01 1.126556436640801240e-01 7.371119143138050722e-01
1.713328686965192027e-01 2.049043530869112395e-01 6.237627782165696688e-01
1.576210848024528766e-01 2.272728377443732073e-01 6.151060774531741382e-01
1.159264276187418480e-01 3.691356508893147148e-01 5.149379214919433956e-01
1.446860008193674163e-01 4.199530634897649106e-01 4.353609356908677563e-01
1.747130141283641247e-01 4.592589059866385437e-01 3.660280798849970818e-01
1.295512145312476271e-01 5.576741230373872815e-01 3.127746624313649804e-01
1.653263377223062325e-01 5.936927983796761454e-01 2.409808638980174555e-01
1.226015203557495603e-01 6.684693548815540121e-01 2.089291247626963444e-01
1.195090801387803381e-01 7.634452844767717350e-01 1.170456353844480935e-01
1.330618430991043488e-01 7.876011087603599359e-01 7.933704814053579857e-02
1.155651631221855935e-01 8.844348368778145453e-01 0.000000000000000000e+00
2.050555447301490586e-01 0.000000000000000000e+00 7.949444552698510247e-01
1.703600928105173107e-01 8.234992025754375722e-02 7.472899869319390431e-01
1.932092135758857465e-01 1.154527925907771063e-01 6.913379938333372721e-01
1.803123356717495074e-01 2.188674442870241488e-01 6.008202200412264826e-01
2.001173349003129154e-01 2.636184183020037763e-01 5.362642467976832528e-01
2.067328636107507722e-01 3.475994374127227005e-01 4.456676989765265828e-01
2.003276526118646095e-01 4.283263396603229078e-01 3.713460077278123439e-01
1.745641728183967567e-01 4.999668172558128232e-01 3.254690099257903646e-01
1.862436386108375086e-01 5.329233897571384881e-01 2.808329716320239755e-01
2.095532406566604222e-01 6.076638489575942881e-01 1.827829103857452342e-01
2.024268879391547815e-01 6.456274026601821481e-01 1.519457094006630427e-01
2.848472122268983497e-01 6.748182818664394400e-01 4.033450590666220331e-02
2.650999698873138799e-01 7.349000301126864532e-01 0.000000000000000000e+00
2.848673483059677713e-01 0.000000000000000000e+00 7.151326516940322842e-01
2.746309636277824984e-01 9.296260076975951248e-02 6.324064356024581279e-01
2.790163678252065016e-01 1.489001515413679588e-01 5.720834806334257339e-01
3.019294916134986351e-01 1.897425158245236720e-01 5.083279925619778039e-01
3.089537344593983326e-01 2.203319468013614224e-01 4.707143187392401895e-01
2.722563121218561366e-01 2.995548342489814941e-01 4.281888536291623693e-01
2.374122284835097074e-01 4.571306724450008852e-01 3.054570990714891021e-01
2.367502891036164514e-01 4.875632239098205978e-01 2.756864869865628953e-01
2.852558002794491343e-01 5.570427972075295830e-01 1.577014025130213659e-01
2.923184954987616546e-01 6.151241398813915850e-01 9.255736461984688523e-02
3.034694886851995732e-01 6.495614601555723677e-01 4.696905115922819784e-02
3.502549604119014059e-01 6.497450395880985941e-01 0.000000000000000000e+00
3.323964323336620064e-01 0.000000000000000000e+00 6.676035676663379936e-01
3.431631702462119571e-01 5.861656177798397344e-02 5.982202679758041874e-01
3.273346032847111453e-01 1.269027373876477072e-01 5.457626593276412308e-01
3.630005255428683242e-01 1.556537170185146590e-01 4.813457574386170168e-01
3.431143677475109177e-01 2.736251110514056339e-01 3.832605212010835039e-01
3.461050798738497525e-01 2.917000562050795498e-01 3.621948639210706977e-01
3.375064065400456004e-01 4.238149909979642693e-01 2.386786024619899915e-01
3.115161870531447663e-01 4.867928974650861940e-01 2.016909154817690397e-01
3.202850167382707003e-01 5.234842110907589330e-01 1.562307721709704778e-01
3.674895192940869082e-01 5.735985385843607176e-01 5.891194212155248522e-02
3.950492000036098239e-01 6.049507999963901206e-01 0.000000000000000000e+00
3.921075415136730524e-01 0.000000000000000000e+00 6.078924584863270031e-01
4.061821716590485742e-01 5.416254898776068361e-02 5.396552793531906866e-01
4.780198027520796700e-01 8.914465010493631547e-02 4.328355471429841672e-01
4.294365952235938977e-01 1.332696818694681096e-01 4.372937229069380205e-01
3.791316058089972962e-01 3.151125212841803247e-01 3.057558729068225456e-01
3.637474274436576227e-01 3.657769388528839816e-01 2.704756337034585623e-01
4.127978197475633548e-01 4.068603334553454465e-01 1.803418467970912542e-01
3.868368266013363366e-01 4.938359536607653810e-01 1.193272197378984628e-01
4.053149039816072996e-01 5.093500849193045577e-01 8.533501109908836479e-02
4.197310204515300458e-01 5.802689795484698987e-01 0.000000000000000000e+00
4.672168912982337385e-01 0.000000000000000000e+00 5.327831087017663725e-01
5.486334222369068092e-01 1.694221777295419271e-02 4.344243599901389530e-01
4.979295533806665786e-01 9.906766481741696717e-02 4.030027818019166208e-01
4.944274091099568058e-01 1.523892638365367536e-01 3.531833270535066349e-01
4.440530049950607294e-01 2.770915817995183161e-01 2.788554132054212320e-01
4.562664753877377910e-01 3.463396542820330604e-01 1.973938703302292874e-01
4.571428418491079171e-01 4.256255003880756727e-01 1.172316577628163825e-01
5.085642045537006606e-01 4.422372952505685406e-01 4.919850019573101391e-02
5.055273043028383206e-01 4.944726956971618459e-01 0.000000000000000000e+00
5.836752593813121504e-01 0.000000000000000000e+00 4.163247406186878496e-01
5.605273695801452627e-01 2.693858234143028940e-02 4.125340480784243646e-01
5.440343914369178968e-01 1.028826520168644731e-01 3.530829565462177966e-01
5.490709966555222810e-01 1.830302915209500725e-01 2.678987118235277576e-01
5.035265891789850734e-01 2.943681379369638140e-01 2.021052728840513346e-01
5.059759486100426917e-01 3.423633379203229188e-01 1.516607134696344450e-01
5.470884851882801270e-01 3.977181869489828103e-01 5.519332786273711822e-02
5.433214232916852016e-01 4.566785767083150205e-01 0.000000000000000000e+00
6.130701248245070678e-01 0.000000000000000000e+00 3.869298751754929322e-01
6.337452571978067217e-01 4.783085031433792489e-02 3.184238924878554089e-01
6.052856363750490631e-01 1.140522616533226202e-01 2.806621019716284415e-01
6.103433516037981565e-01 1.727363202287127419e-01 2.169203281674889350e-01
5.853426409632473959e-01 2.724866137542341082e-01 1.421707452825184959e-01
5.644930895759571188e-01 3.378225350155723006e-01 9.768437540847077494e-02
6.440016312155241174e-01 3.559983687844763267e-01 0.000000000000000000e+00
6.397158292932714208e-01 0.000000000000000000e+00 3.602841707067282462e-01
6.701198195786017830e-01 5.760637422527545987e-02 2.722738061961227918e-01
6.414699942131647514e-01 1.260344378756917405e-01 2.324955679111432860e-01
6.484893924300980661e-01 2.455033622685901529e-01 1.060072453013119614e-01
6.736123750460869530e-01 2.502800761986201938e-01 7.610754875529296415e-02
7.010537299292484148e-01 2.989462700707516962e-01 0.000000000000000000e+00
7.020348817284767229e-01 0.000000000000000000e+00 2.979651182715229440e-01
7.126640327904061323e-01 3.647798496478693586e-02 2.508579822448069319e-01
7.505267448353409865e-01 1.330055458603296437e-01 1.164677093043295641e-01
7.497557723660348561e-01 1.988973067704441489e-01 5.134692086352118240e-02
7.797833918724181856e-01 2.202166081275817033e-01 0.000000000000000000e+00
7.461214577701072992e-01 0.000000000000000000e+00 2.538785422298924788e-01
7.712352079590483189e-01 5.372244021454883334e-02 1.750423518264026257e-01
8.386334449996005747e-01 1.279257049178476879e-01 3.344085008255176517e-02
8.278558642565416736e-01 1.721441357434583264e-01 0.000000000000000000e+00
7.997689445525588692e-01 0.000000000000000000e+00 2.002310554474411308e-01
8.718549535472267520e-01 7.575748265882523147e-02 5.238756379394814144e-02
8.813725776581353699e-01 1.186274223418646856e-01 0.000000000000000000e+00
9.402004436420736688e-01 0.000000000000000000e+00 5.979955635792639362e-02
9.647901081255371158e-01 3.520989187446300211e-02 0.000000000000000000e+00
1.000000000000000000e+00 0.000000000000000000e+00 0.000000000000000000e+00
