0.000000000000000000e+00 0.000000000000000000e+00 1.000000000000000000e+00
0.000000000000000000e+00 6.815319051242518800e-02 9.318468094875749230e-01
0.000000000000000000e+00 1.348198077559283059e-01 8.651801922440717219e-01
0.000000000000000000e+00 2.041939469339275892e-01 7.958060530660723275e-01
0.000000000000000000e+00 2.574439786033088651e-01 7.425560213966909684e-01
0.000000000000000000e+00 3.492011363147814462e-01 6.507988636852185538e-01
0.000000000000000000e+00 4.002652996290192999e-01 5.997347003709805335e-01
0.000000000000000000e+00 4.552484230706922430e-01 5.447515769293077570e-01
0.000000000000000000e+00 5.585137637025942015e-01 4.414862362974055765e-01
0.000000000000000000e+00 6.049241389936442781e-01 3.950758610063556109e-01
0.000000000000000000e+00 6.477487868714175701e-01 3.522512131285823744e-01
0.000000000000000000e+00 7.333613536841139258e-01 2.666386463158861297e-01
0.000000000000000000e+00 7.829419145726295159e-01 2.170580854273702620e-01
0.000000000000000000e+00 8.683035006532445754e-01 1.316964993467553413e-01
0.000000000000000000e+00 9.338584216174341535e-01 6.614157838256579103e-02
0.000000000000000000e+00 1.000000000000000000e+00 0.000000000000000000e+00
6.051738356704147032e-02 0.000000000000000000e+00 9.394826164329586060e-01
5.891359909891599744e-02 6.942271896672927434e-02 8.716636819343549503e-01
6.902592655658151832e-02 1.093762739092792452e-01 8.215977995341394724e-01
8.440952768659956695e-02 1.875626279374066618e-01 7.280278443759938822e-01
9.666268078372870776e-02 2.489386107647004465e-01 6.543987084515707764e-01
8.141201047679340330e-02 3.214322281968893247e-01 5.971557613263173137e-01
6.883446795378682370e-02 4.035857757504715537e-01 5.275797562957417197e-01
5.643727667150617855e-02 4.848538075684575288e-01 4.587089157600364175e-01
6.929010284304022715e-02 5.218675549863553975e-01 4.088423421706045002e-01
6.300284873519544637e-02 6.000689834628082364e-01 3.369281678019962478e-01
5.905108653838516547e-02 6.604745202683712790e-01 2.804743931932434653e-01
7.803335986158141391e-02 7.144157065237431992e-01 2.075509336146755535e-01
5.510488351654400929e-02 7.984010221580730704e-01 1.464940943253828787e-01
6.332483446258956039e-02 8.679606627243235950e-01 6.871450281308710828e-02
8.530515975361858960e-02 9.146948402463815908e-01 0.000000000000000000e+00
1.262233984651296159e-01 0.000000000000000000e+00 8.737766015348702453e-01
1.152968020124032350e-01 7.109409851880633957e-02 8.136090994687903422e-01
1.226781191923002473e-01 1.284042314679397223e-01 7.489176493397601275e-01
1.475775039344790485e-01 2.074003904732649450e-01 6.450221055922560343e-01
1.388137674652183129e-01 2.539968293086324880e-01 6.071894032261492269e-01
1.214356010261393309e-01 3.480424055032455000e-01 5.305219934706152385e-01
1.326602005035293075e-01 4.132017367952495190e-01 4.541380627012212012e-01
1.511153853554425552e-01 4.414170574619183385e-01 4.074675571826392728e-01
1.290964494745141522e-01 5.165900049203200339e-01 3.543135456051658694e-01
1.197047513327193363e-01 6.132344727358970404e-01 2.670607759313837204e-01
1.296775572107546903e-01 6.612873184598669907e-01 2.090351243293783468e-01
1.400195710927903681e-01 7.163029360467189077e-01 1.436774928604905577e-01
1.437836711691382330e-01 7.690086694790971844e-01 8.720765935176458261e-02
1.287052551335004791e-01 8.712947448664997152e-01 0.000000000000000000e+00
2.120857207113543974e-01 0.000000000000000000e+00 7.879142792886455471e-01
2.071420028983040063e-01 6.951570885165019031e-02 7.233422882500457618e-01
1.970507581584931278e-01 1.187200609830362241e-01 6.842291808584706203e-01
2.111954823853577079e-01 1.878030397300883836e-01 6.010014778845538252e-01
2.204531974424937812e-01 2.404824125733719120e-01 5.390643899841344178e-01
1.874523997548343812e-01 3.373021531556440467e-01 4.752454470895215999e-01
1.932063846750877167e-01 4.100622729129956845e-01 3.967313424119166543e-01
1.957509872114321647e-01 4.706002822006039032e-01 3.336487305879639043e-01
1.969565068083488080e-01 5.568510940883606430e-01 2.461923991032904102e-01
1.916771933968048902e-01 6.145930413367347578e-01 1.937297652664603798e-01
2.195866774454398318e-01 6.505181836573503684e-01 1.298951388972096610e-01
2.103939131817462727e-01 7.286542389651671225e-01 6.095184785308667419e-02
2.082348383343489429e-01 7.917651616656511404e-01 0.000000000000000000e+00
2.698206649946195412e-01 0.000000000000000000e+00 7.301793350053803477e-01
2.463640160187420824e-01 8.323243436750232815e-02 6.704035496137555894e-01
2.681182877000974907e-01 1.339539940726675871e-01 5.979277182272348945e-01
2.637960032003129340e-01 1.943689657870186771e-01 5.418350310126683889e-01
2.746859321405187293e-01 2.748711891292304199e-01 4.504428787302508508e-01
2.808208892518981314e-01 3.248432112665953775e-01 3.943358994815065466e-01
2.712746721432193753e-01 3.892718615507944069e-01 3.394534663059861623e-01
2.647390309401322916e-01 4.595114115436957913e-01 2.757495575161719725e-01
2.607713240747526195e-01 5.308141251539585381e-01 2.084145507712889811e-01
2.949670488253677281e-01 5.848053643351738273e-01 1.202275868394583891e-01
2.717994641951779200e-01 6.576133497590732624e-01 7.058718604574865108e-02
2.542065603577051136e-01 7.457934396422947199e-01 0.000000000000000000e+00
3.317916181843532097e-01 0.000000000000000000e+00 6.682083818156469013e-01
3.362595848218156713e-01 7.028540381930840908e-02 5.934550113588757947e-01
3.414422158640395555e-01 1.339887782771370384e-01 5.245690058588233784e-01
3.463718004114865190e-01 1.999213927555269776e-01 4.537068068329864756e-01
3.299543895678888061e-01 2.574029673421275310e-01 4.126426430899837738e-01
3.324317644568394736e-01 3.387116874663098631e-01 3.288565480768504967e-01
3.476711162023042867e-01 3.797932615824142766e-01 2.725356222152814922e-01
3.412522056605038490e-01 4.693766857299748740e-01 1.893711086095212215e-01
3.473344464982269231e-01 5.207756759276899183e-01 1.318898775740831586e-01
3.301524692535449113e-01 5.957583356083797632e-01 7.408919513807535329e-02
3.446799975755330259e-01 6.553200024244669741e-01 0.000000000000000000e+00
3.889218945247772674e-01 0.000000000000000000e+00 6.110781054752230101e-01
4.147989460546332441e-01 6.409054741253154830e-02 5.211105065328353048e-01
3.940070352180485291e-01 1.330611076616561583e-01 4.729318571202952293e-01
3.899158226433352414e-01 2.194163389075610704e-01 3.906678384491036882e-01
4.022906893007597851e-01 2.485684357427749291e-01 3.491408749564652858e-01
4.192346763111415853e-01 3.202244429524032099e-01 2.605408807364552604e-01
4.112424050412685217e-01 3.945638252063041751e-01 1.941937697524271644e-01
4.012017219509296240e-01 4.634185358440374713e-01 1.353797422050329602e-01
3.920133176660203778e-01 5.319874113817798511e-01 7.599927095219985440e-02
4.028315255919520665e-01 5.971684744080481000e-01 0.000000000000000000e+00
4.619638449461785368e-01 0.000000000000000000e+00 5.380361550538212967e-01
4.960532813994086299e-01 4.507668052536890207e-02 4.588700380752225305e-01
4.677941272775992254e-01 1.283938775865156867e-01 4.038119951358848936e-01
4.711496443715674221e-01 2.068668948525778650e-01 3.219834607758547684e-01
4.861209043897517512e-01 2.455166422573039353e-01 2.683624533529443412e-01
4.795975685340790329e-01 3.290315062036955895e-01 1.913709252622254053e-01
4.580418459707348844e-01 4.064521710074200378e-01 1.355059830218449390e-01
4.980387637081230001e-01 4.475617877162570979e-01 5.439944857561990893e-02
4.615290679616919634e-01 5.384709320383079811e-01 0.000000000000000000e+00
5.526472091619007987e-01 0.000000000000000000e+00 4.473527908380990348e-01
5.338229754227037382e-01 6.540153732695716537e-02 4.007754872503391796e-01
5.365864211004066631e-01 1.418771131150616538e-01 3.215364657845317664e-01
5.468539871076543157e-01 1.914687657708216695e-01 2.616772471215239038e-01
5.444637050416539781e-01 2.619267809121164081e-01 1.936095140462296693e-01
5.303689673519313974e-01 3.304735267275835664e-01 1.391575059204851195e-01
5.552783029631431777e-01 3.693264204175163434e-01 7.539527661934031233e-02
5.416009953646088171e-01 4.583990046353909609e-01 0.000000000000000000e+00
6.107705607156225236e-01 0.000000000000000000e+00 3.892294392843774764e-01
5.831880998892811085e-01 8.436206639781224093e-02 3.324498337129065950e-01
5.879639589267637856e-01 1.334327606999558269e-01 2.786032803732800267e-01
5.930052333716259172e-01 2.040287658791075098e-01 2.029660007492664620e-01
5.959018054967908373e-01 2.651582557237484039e-01 1.389399387794607865e-01
6.014995624459242851e-01 3.314738726630563903e-01 6.702656489101925519e-02
6.179447500006739480e-01 3.820552499993259410e-01 0.000000000000000000e+00
6.674787067922639539e-01 0.000000000000000000e+00 3.325212932077360461e-01
6.708043206109263190e-01 6.575222730282838379e-02 2.634434520862453111e-01
6.466864930437582482e-01 1.539311729171713439e-01 1.993823340390702969e-01
6.893365212846671586e-01 1.732596218489589612e-01 1.374038568663739912e-01
6.725011451934204132e-01 2.585121163206404171e-01 6.898673848593908642e-02
6.717754908978242900e-01 3.282245091021755989e-01 0.000000000000000000e+00
7.309978767098634922e-01 0.000000000000000000e+00 2.690021232901366188e-01
7.200411552391425829e-01 6.355320394143929019e-02 2.164056408194181547e-01
7.273712024865484072e-01 1.111482142880100971e-01 1.614805832254415652e-01
7.217668577468162594e-01 1.973032507772945476e-01 8.092989147588902643e-02
7.583157966122396898e-01 2.416842033877604490e-01 0.000000000000000000e+00
7.901255239449553880e-01 0.000000000000000000e+00 2.098744760550445287e-01
7.983840493795328896e-01 6.569301177254180391e-02 1.359229388479255007e-01
7.890111703977034097e-01 1.330006071467735307e-01 7.798822245552308741e-02
7.925237396927127254e-01 2.074762603072873302e-01 0.000000000000000000e+00
8.929918778927298240e-01 0.000000000000000000e+00 1.070081221072701760e-01
8.674883872762025883e-01 5.215915708102033393e-02 8.035245564277701535e-02
8.604950139996188074e-01 1.395049860003812203e-01 0.000000000000000000e+00
9.359141996137642083e-01 0.000000000000000000e+00 6.408580038623580555e-02
9.293725094809024423e-01 7.062749051909744669e-02 0.000000000000000000e+00
1.000000000000000000e+00 0.000000000000000000e+00 0.000000000000000000e+00
