0.000000000000000000e+00 0.000000000000000000e+00 1.000000000000000000e+00
0.000000000000000000e+00 5.808249330503707786e-02 9.419175066949629915e-01
0.000000000000000000e+00 1.248758353415833633e-01 8.751241646584166922e-01
0.000000000000000000e+00 1.889251748218133686e-01 8.110748251781865203e-01
0.000000000000000000e+00 2.480269669410185007e-01 7.519730330589812217e-01
0.000000000000000000e+00 3.114558193823676047e-01 6.885441806176322288e-01
0.000000000000000000e+00 3.906343758271005884e-01 6.093656241728993006e-01
0.000000000000000000e+00 4.727984056506643329e-01 5.272015943493355561e-01
0.000000000000000000e+00 5.066960720302855492e-01 4.933039279697144508e-01
0.000000000000000000e+00 6.393764030846823543e-01 3.606235969153175347e-01
0.000000000000000000e+00 6.622048419036228317e-01 3.377951580963770573e-01
0.000000000000000000e+00 7.367579667490705697e-01 2.632420332509295413e-01
0.000000000000000000e+00 7.969397851531047072e-01 2.030602148468953483e-01
0.000000000000000000e+00 8.560425506350015645e-01 1.439574493649984355e-01
0.000000000000000000e+00 9.150564212639106243e-01 8.494357873608911202e-02
0.000000000000000000e+00 1.000000000000000000e+00 0.000000000000000000e+00
1.054317730030672057e-01 0.000000000000000000e+00 8.945682269969327249e-01
8.613802118246899342e-02 5.120514335036002035e-02 8.626568354671709793e-01
7.457221981287423529e-02 1.483488593713256365e-01 7.770789208157999894e-01
7.423294599164657892e-02 2.016595553816445119e-01 7.241074986267090896e-01
7.117324855125538308e-02 2.775332716234164554e-01 6.512934798253281476e-01
7.403953513268797526e-02 3.317599716194457593e-01 5.942004932478660573e-01
7.770557385618254154e-02 4.044628297201592892e-01 5.178315964236581692e-01
8.304163209077365659e-02 4.602959122986167717e-01 4.566624556106095856e-01
7.812403942550322222e-02 5.116882245018027353e-01 4.101877360726940980e-01
7.491714248476495641e-02 5.956232533648222471e-01 3.294596041504130324e-01
4.520136614219424920e-02 6.497852876243824793e-01 3.050133462334232992e-01
6.028358899287832029e-02 7.299892861900647567e-01 2.097271248170569924e-01
7.373738285906859813e-02 8.144114811936313814e-01 1.118511359473001038e-01
4.733916514893036359e-02 9.047029553626023679e-01 4.795787948846727544e-02
2.172576870597673140e-02 9.782742312940232443e-01 0.000000000000000000e+00
1.784451672573520720e-01 0.000000000000000000e+00 8.215548327426478448e-01
1.243729959555147369e-01 8.487999165890955378e-02 7.907470123855757649e-01
1.273028935173170506e-01 1.294575872010437778e-01 7.432395192816391161e-01
1.528156527763753214e-01 2.050196419057818409e-01 6.421647053178427544e-01
1.510703665647951666e-01 2.873214357766693539e-01 5.616081976585352020e-01
1.461922428892043213e-01 3.265185900355561666e-01 5.272891670752393178e-01
1.163226931912301199e-01 4.273729368091023773e-01 4.563043699996675584e-01
1.076971009304011073e-01 4.868870831637323593e-01 4.054158159058666167e-01
1.425831085392981201e-01 5.220793288561901280e-01 3.353375626045116409e-01
1.414215449791230150e-01 5.599379481282914517e-01 2.986405068925855333e-01
1.066873595121135554e-01 6.650729976551683631e-01 2.282396428327179150e-01
1.159973136295302243e-01 7.298974701426608203e-01 1.541052162278090110e-01
1.264123932533958439e-01 7.853431098292069645e-01 8.824449691739726098e-02
1.339660091499288164e-01 8.660339908500712669e-01 0.000000000000000000e+00
2.208046652919124775e-01 0.000000000000000000e+00 7.791953347080875503e-01
1.862303972187437373e-01 8.511917752095207734e-02 7.286504252603041021e-01
1.877210032983631094e-01 1.529152155437905614e-01 6.593637811578462182e-01
2.231448108017212162e-01 1.828282489977514913e-01 5.940269402005271537e-01
2.138885932279984137e-01 3.017529390816638957e-01 4.843584676903375796e-01
2.022609825391141758e-01 3.307818787857920162e-01 4.669571386750936970e-01
2.095760502059103303e-01 4.213579776440932734e-01 3.690659721499965906e-01
1.983621761556934315e-01 4.776239324726584967e-01 3.240138913716480440e-01
2.059015112070359255e-01 5.586387399781801433e-01 2.354597488147838480e-01
1.971960622769625415e-01 6.089042776190556339e-01 1.938996601039817413e-01
2.089269972189484459e-01 6.921139998929347614e-01 9.895900288811693146e-02
2.168722941922966996e-01 7.432780519529016416e-01 3.984965385480172817e-02
2.059728372521914541e-01 7.940271627478086014e-01 0.000000000000000000e+00
2.514053346782792464e-01 0.000000000000000000e+00 7.485946653217205871e-01
2.538739420043663042e-01 7.323587689513344490e-02 6.728901811005001399e-01
2.788132886051568615e-01 1.209980662832012832e-01 6.001886451116419385e-01
2.508624765464101958e-01 2.044956775243673419e-01 5.446418459292224901e-01
2.757772146684182579e-01 2.806173971623394658e-01 4.436053881692422207e-01
2.694965078358001476e-01 3.356331495450247671e-01 3.948703426191750854e-01
2.599879355187332819e-01 4.137708832001619208e-01 3.262411812811047973e-01
2.536897978308442214e-01 4.675672502280997511e-01 2.787429519410560275e-01
2.524253155534881277e-01 5.671830881005817115e-01 1.803915963459301608e-01
2.616335744761624782e-01 6.275000007187866435e-01 1.108664248050508505e-01
2.668177230326861937e-01 6.852494165348761435e-01 4.793286043243791261e-02
2.456758151109347810e-01 7.543241848890653856e-01 0.000000000000000000e+00
2.972434822168477653e-01 0.000000000000000000e+00 7.027565177831520682e-01
3.275349040049534421e-01 5.817460613271603631e-02 6.142904898623304799e-01
3.525689976243893686e-01 1.110976446442754617e-01 5.363333577313350586e-01
3.312419808664054388e-01 2.196379762609596276e-01 4.491200428726349614e-01
3.421793613334381812e-01 2.900880770381666918e-01 3.677325616283950716e-01
3.627694295121588475e-01 3.290381613247181369e-01 3.081924091631230156e-01
3.467646926942711816e-01 4.130814198544783267e-01 2.401538874512506583e-01
3.268593498909878603e-01 4.701235835904272742e-01 2.030170665185846990e-01
3.003132906493120591e-01 5.597099525334815473e-01 1.399767568172064214e-01
3.201770017597450613e-01 5.956047229974770207e-01 8.421827524277789023e-02
3.055479131010361837e-01 6.944520868989636497e-01 0.000000000000000000e+00
4.212285641342228271e-01 0.000000000000000000e+00 5.787714358657771729e-01
4.018941550782916261e-01 4.104806604606490994e-02 5.570577788756435611e-01
3.951914876927531961e-01 1.279168414928169017e-01 4.768916708144297356e-01
3.721991262931391709e-01 2.256915328435182277e-01 4.021093408633425459e-01
4.019534969398280699e-01 2.593065451258996235e-01 3.387399579342721956e-01
3.911843243546174742e-01 3.552920541425453882e-01 2.535236215028371376e-01
3.789361880716727304e-01 4.229194976792148841e-01 1.981443142491122744e-01
3.984517547145844385e-01 4.830045623266547294e-01 1.185436829587608043e-01
3.567895737317138827e-01 5.580211240328600830e-01 8.518930223542592328e-02
3.423360461926581166e-01 6.576639538073417723e-01 0.000000000000000000e+00
4.892118692914849132e-01 0.000000000000000000e+00 5.107881307085151423e-01
4.527476097754020157e-01 8.381318239404002279e-02 4.634392078305578644e-01
4.540983193383535399e-01 1.484655396503898606e-01 3.974361410112566273e-01
4.736575746728928782e-01 2.004558109944375444e-01 3.258866143326697440e-01
4.685064306330015138e-01 2.384236889634096246e-01 2.930698804035889449e-01
4.889567566579955393e-01 2.991991039518152595e-01 2.118441393901891456e-01
4.627366684004928232e-01 4.116038723517496667e-01 1.256594592477575378e-01
4.815208612284230250e-01 4.699655870182268824e-01 4.851355175335005099e-02
4.042126093559097466e-01 5.957873906440901424e-01 0.000000000000000000e+00
5.569000240387425027e-01 0.000000000000000000e+00 4.430999759612574418e-01
5.218111473456124028e-01 5.688976366165827275e-02 4.212990889927292759e-01
5.115956289783128996e-01 1.545294790451112177e-01 3.338748919765758827e-01
5.108473873488916794e-01 2.101357375118079740e-01 2.790168751393004021e-01
5.491516976386057181e-01 2.503943710064159278e-01 2.004539313549782986e-01
5.458726987049246082e-01 3.081564444306085782e-01 1.459708568644667581e-01
5.568075766762746737e-01 3.799481345544775124e-01 6.324428876924781395e-02
5.518104314371157226e-01 4.481895685628843884e-01 0.000000000000000000e+00
6.434666969432110140e-01 0.000000000000000000e+00 3.565333030567889305e-01
6.415901597008630830e-01 4.243666997356392717e-02 3.159731703255728164e-01
6.042993880898289705e-01 1.280548055498299254e-01 2.676458063603408544e-01
6.033501639805860517e-01 1.981626690351275255e-01 1.984871669842864228e-01
5.980790491628067418e-01 2.630394615901074373e-01 1.388814892470860429e-01
6.141061951982009770e-01 3.261593762841308863e-01 5.973442851766792849e-02
6.070185444147104814e-01 3.929814555852894076e-01 0.000000000000000000e+00
6.677669686001242999e-01 0.000000000000000000e+00 3.322330313998756446e-01
6.800474836792544941e-01 3.000475445061992485e-02 2.899477618701254977e-01
6.844154224898211236e-01 1.373076865930021317e-01 1.782768909171768001e-01
6.428787739692923831e-01 2.172302966396575941e-01 1.398909293910498286e-01
6.655617388362611297e-01 2.777533356239658136e-01 5.668492553977311221e-02
6.746827603221320357e-01 3.253172396778679087e-01 0.000000000000000000e+00
7.023474699705147817e-01 0.000000000000000000e+00 2.976525300294852183e-01
7.462688471366881737e-01 6.693184670631903421e-02 1.867993061569928614e-01
7.217118922541880810e-01 1.397419744439090949e-01 1.385461333019027130e-01
7.488478108079894557e-01 1.863557628322942139e-01 6.479642635971641362e-02
7.282456598528890268e-01 2.717543401471110842e-01 0.000000000000000000e+00
7.689573686877591019e-01 0.000000000000000000e+00 2.310426313122407871e-01
8.144121711948462128e-01 8.643528049384652245e-02 9.915254831130727864e-02
7.964877711122859694e-01 1.241512981192100240e-01 7.936093076850425643e-02
8.018027749370661983e-01 1.981972250629337462e-01 0.000000000000000000e+00
8.756438996195312630e-01 0.000000000000000000e+00 1.243561003804686954e-01
8.649759056725732087e-01 4.434535182776992018e-02 9.067874249965671152e-02
8.892282895315257729e-01 1.107717104684743936e-01 0.000000000000000000e+00
9.684815421070767094e-01 0.000000000000000000e+00 3.151845789292319344e-02
9.195991070747508989e-01 8.040089292524918441e-02 0.000000000000000000e+00
1.000000000000000000e+00 0.000000000000000000e+00 0.000000000000000000e+00
