0.000000000000000000e+00 0.000000000000000000e+00 1.000000000000000000e+00
0.000000000000000000e+00 5.921509990469446538e-02 9.407849000953055763e-01
0.000000000000000000e+00 1.369289824336164252e-01 8.630710175663837136e-01
0.000000000000000000e+00 2.043685101779587066e-01 7.956314898220414600e-01
0.000000000000000000e+00 2.635895502589049033e-01 7.364104497410951522e-01
0.000000000000000000e+00 3.367959570041162420e-01 6.632040429958836469e-01
0.000000000000000000e+00 3.912698120515387679e-01 6.087301879484614542e-01
0.000000000000000000e+00 4.658179316059864461e-01 5.341820683940137204e-01
0.000000000000000000e+00 5.366870578739506570e-01 4.633129421260492875e-01
0.000000000000000000e+00 5.927702840561346331e-01 4.072297159438652558e-01
0.000000000000000000e+00 6.724357378403068575e-01 3.275642621596930870e-01
0.000000000000000000e+00 7.329031574974043117e-01 2.670968425025957438e-01
0.000000000000000000e+00 8.126649434368885538e-01 1.873350565631116404e-01
0.000000000000000000e+00 8.652899270781471142e-01 1.347100729218529136e-01
0.000000000000000000e+00 9.333333333333333481e-01 6.666666666666666574e-02
0.000000000000000000e+00 1.000000000000000000e+00 0.000000000000000000e+00
5.789800738074089154e-02 0.000000000000000000e+00 9.421019926192590876e-01
7.011632935132516842e-02 6.373155066699275062e-02 8.661521199816820671e-01
6.231048015201456208e-02 1.371356125877174481e-01 8.005539072602680939e-01
6.679233823366456657e-02 2.113835392429257998e-01 7.218241225234096614e-01
6.200758770881298343e-02 2.797859804114098403e-01 6.582064318797772318e-01
6.208471865710953053e-02 3.302663617844912580e-01 6.076489195583992808e-01
6.266280424789150150e-02 4.040956783450416201e-01 5.332415174070669339e-01
6.148398756929467773e-02 4.678971709375046584e-01 4.706188414932007125e-01
6.814069679596801432e-02 5.333882225357122753e-01 3.984710806683197104e-01
7.121787275262093930e-02 5.914704569506965548e-01 3.373116702966825753e-01
6.627624778497238911e-02 6.681447694713327223e-01 2.655789827436947914e-01
7.072856811509578567e-02 7.328759765507333324e-01 1.963954553341708820e-01
6.412433906910199044e-02 8.023515516857651075e-01 1.335241092451328049e-01
6.469875880177125560e-02 8.668224016648005126e-01 6.847883953342834285e-02
5.732501275402487884e-02 9.426749872459750934e-01 0.000000000000000000e+00
1.346824583054480606e-01 0.000000000000000000e+00 8.653175416945519949e-01
1.333333333333333315e-01 6.666666666666666574e-02 8.000000000000000444e-01
1.394946113034506996e-01 1.286701429637856220e-01 7.318352457327635952e-01
1.309305815289533992e-01 1.971995065567190564e-01 6.718699119143276555e-01
1.220311471582236074e-01 2.749460541499295085e-01 6.030227986918469396e-01
1.298322816621389209e-01 3.365920821850789113e-01 5.335756361527821401e-01
1.439982466046605958e-01 3.979215726184235358e-01 4.580801807769160350e-01
1.278231831653593720e-01 4.635252763721621760e-01 4.086515404624785908e-01
1.371034082877076177e-01 5.306139587137729263e-01 3.322826329985194560e-01
1.327628251513309487e-01 6.093389160919767678e-01 2.578982587566923668e-01
1.374927842034053549e-01 6.665750192432154941e-01 1.959321965533791510e-01
1.388798434637450452e-01 7.333344328769293430e-01 1.277857236593255841e-01
1.360976840174664415e-01 7.978888425954431263e-01 6.601347338709045998e-02
1.328324523190317907e-01 8.671675476809681538e-01 0.000000000000000000e+00
1.919928854994833456e-01 0.000000000000000000e+00 8.080071145005167654e-01
1.948222672166140257e-01 5.941456441093181245e-02 7.457631683724541549e-01
1.959912657790404966e-01 1.339866130766034780e-01 6.700221211443561087e-01
1.930877789186914439e-01 2.024981619957744727e-01 6.044140590855341388e-01
2.013397635704081423e-01 2.653200753509276089e-01 5.333401610786643321e-01
1.954328534421154173e-01 3.315312822254843916e-01 4.730358643324001910e-01
1.939522573997957688e-01 4.057048923683679309e-01 4.003428502318363003e-01
1.994747343330528777e-01 4.620766935809434983e-01 3.384485720860037072e-01
2.009655850914409680e-01 5.309072897324548235e-01 2.681271251761043195e-01
1.912587436160982368e-01 6.143866839827200055e-01 1.943545724011818132e-01
1.994870287007889931e-01 6.672315720042168996e-01 1.332813992949940241e-01
2.007477698316839088e-01 7.361651459576469270e-01 6.308708421066919203e-02
1.988945737579089490e-01 8.011054262420909122e-01 0.000000000000000000e+00
2.708960817851470693e-01 0.000000000000000000e+00 7.291039182148527642e-01
2.675140693359891464e-01 6.854758858299263291e-02 6.639383420810180958e-01
2.710254235214108465e-01 1.365706661427318058e-01 5.924039103358573755e-01
2.688521985109970647e-01 1.985754115442044387e-01 5.325723899447983856e-01
2.705415317713351642e-01 2.659843503713728574e-01 4.634741178572921450e-01
2.643058207692499106e-01 3.369217534963304117e-01 3.987724257344197887e-01
2.707020856938954778e-01 3.948261461703743702e-01 3.344717681357302075e-01
2.640961055750994935e-01 4.668139954205701714e-01 2.690898990043303352e-01
2.728736254604229305e-01 5.300017977760688170e-01 1.971245767635084467e-01
2.688955161498449709e-01 5.969812342527353044e-01 1.341232495974195582e-01
2.671517271098031165e-01 6.696465132413867982e-01 6.320175964881008523e-02
2.575425880275364898e-01 7.424574119724636212e-01 0.000000000000000000e+00
3.288070690627377113e-01 0.000000000000000000e+00 6.711929309372622887e-01
3.289917101378627140e-01 6.856410770446569325e-02 6.024441821576715927e-01
3.325062888518164894e-01 1.332814805907957811e-01 5.342122305573878682e-01
3.330181354070386734e-01 1.949720394418412717e-01 4.720098251511200549e-01
3.319222782397871496e-01 2.683076807641471828e-01 3.997700409960656120e-01
3.400393265771302631e-01 3.309984632493991885e-01 3.289622101734705484e-01
3.379510644322502588e-01 3.975651212023115777e-01 2.644838143654381635e-01
3.332287426431004840e-01 4.666276439839086576e-01 2.001436133729909139e-01
3.324690310449140429e-01 5.414732992945130441e-01 1.260576696605728575e-01
3.322983960887801458e-01 5.979159961827215097e-01 6.978560772849824734e-02
3.419263294119503915e-01 6.580736705880493309e-01 0.000000000000000000e+00
4.000000000000000222e-01 0.000000000000000000e+00 5.999999999999999778e-01
4.105511172706598488e-01 6.122565896695623955e-02 5.282232237623839533e-01
4.025892557864941823e-01 1.315724268449922629e-01 4.658383173685133327e-01
3.989354627198096748e-01 2.032279420051946450e-01 3.978365952749956524e-01
4.087557745272219489e-01 2.619199295135346550e-01 3.293242959592432850e-01
3.999683308815106253e-01 3.355498264040205902e-01 2.644818427144687289e-01
4.076671427723864705e-01 4.023359017940956184e-01 1.899969554335178556e-01
4.047126672891083188e-01 4.622600526251693376e-01 1.330272800857223159e-01
3.983246759703820694e-01 5.329845727829273239e-01 6.869075124669073162e-02
4.060743542651624738e-01 5.939256457348375262e-01 0.000000000000000000e+00
4.697799458112519311e-01 0.000000000000000000e+00 5.302200541887479579e-01
4.763998246992252605e-01 6.056444228422740855e-02 4.630357330165473795e-01
4.723521880448792731e-01 1.276830732657600054e-01 3.999647386893607770e-01
4.639538062149196063e-01 2.064029009671770887e-01 3.296432928179031663e-01
4.654715170112586620e-01 2.635859030618532550e-01 2.709425799268880275e-01
4.474043413023461868e-01 3.424492217055749022e-01 2.101464369920790221e-01
4.653024276500271061e-01 4.037574098335849349e-01 1.309401625163879035e-01
4.666666666666666741e-01 4.666666666666666741e-01 6.666666666666666574e-02
4.608080575601942175e-01 5.391919424398057270e-01 0.000000000000000000e+00
5.282388657722528746e-01 0.000000000000000000e+00 4.717611342277472364e-01
5.326271738254398924e-01 6.534351483086633938e-02 4.020293113436937960e-01
5.333410549978129245e-01 1.326455220680860247e-01 3.340134229341011340e-01
5.303898161355242724e-01 2.047974600303507364e-01 2.648127238341249079e-01
5.348646187777634786e-01 2.689329550912847866e-01 1.962024261309516793e-01
5.386614252306054507e-01 3.313260774574123824e-01 1.300124973119821115e-01
5.277620894390513406e-01 4.076627676695598335e-01 6.457514289138893693e-02
5.333333333333333259e-01 4.666666666666666741e-01 0.000000000000000000e+00
6.104191686276614348e-01 0.000000000000000000e+00 3.895808313723387317e-01
6.030992515035759061e-01 6.834530844127274796e-02 3.285554400551513599e-01
5.951165619262135387e-01 1.419557951101729221e-01 2.629276429636135393e-01
5.985494600647470742e-01 2.109984293443483705e-01 1.904521105909044720e-01
6.030735371438283865e-01 2.674335598927750079e-01 1.294929029633963835e-01
6.015774592261803333e-01 3.385495448381118377e-01 5.987299593570776651e-02
5.964546308196237989e-01 4.035453691803760901e-01 0.000000000000000000e+00
6.664932652473070096e-01 0.000000000000000000e+00 3.335067347526929349e-01
6.664040137271812769e-01 6.181028331272930831e-02 2.717857029600891927e-01
6.685239826526137019e-01 1.337214768634763518e-01 1.977545404839100851e-01
6.539011906417138142e-01 2.077902790863530857e-01 1.383085302719330723e-01
6.612505176083209868e-01 2.714584054211859887e-01 6.729107697049305226e-02
6.785866996233950177e-01 3.214133003766048713e-01 0.000000000000000000e+00
7.353080754309578859e-01 0.000000000000000000e+00 2.646919245690422806e-01
7.282357771161994675e-01 6.827710426114844133e-02 2.034871186226520079e-01
7.344032510679191494e-01 1.327772745941268873e-01 1.328194743379539355e-01
7.377071425513086478e-01 1.927610149078598234e-01 6.953184254083166760e-02
7.386188678170138022e-01 2.613811321829860868e-01 0.000000000000000000e+00
8.030722272857546695e-01 0.000000000000000000e+00 1.969277727142453305e-01
7.961916682873977358e-01 7.318289684947075491e-02 1.306254348631315232e-01
7.951375373293173565e-01 1.313628814634685837e-01 7.349958120721396260e-02
8.076127414194875787e-01 1.923872585805124769e-01 0.000000000000000000e+00
8.653453366544595626e-01 0.000000000000000000e+00 1.346546633455403819e-01
8.667742426834562641e-01 6.720719659377294430e-02 6.601856072277084708e-02
8.674119047258002091e-01 1.325880952741997632e-01 0.000000000000000000e+00
9.313693329786725261e-01 0.000000000000000000e+00 6.863066702132743224e-02
9.281082292139722911e-01 7.189177078602781990e-02 0.000000000000000000e+00
1.000000000000000000e+00 0.000000000000000000e+00 0.000000000000000000e+00
