0.000000000000000000e+00 0.000000000000000000e+00 1.000000000000000000e+00
0.000000000000000000e+00 5.846070216930301933e-02 9.415392978306968974e-01
0.000000000000000000e+00 1.393175525467227338e-01 8.606824474532772662e-01
0.000000000000000000e+00 3.421140673372027874e-01 6.578859326627970461e-01
0.000000000000000000e+00 4.017165645223241266e-01 5.982834354776757069e-01
0.000000000000000000e+00 4.484648893286140026e-01 5.515351106713859419e-01
0.000000000000000000e+00 5.991297358693098429e-01 4.008702641306901571e-01
0.000000000000000000e+00 7.019284289390204101e-01 2.980715710609795344e-01
0.000000000000000000e+00 7.565403620098709592e-01 2.434596379901290131e-01
0.000000000000000000e+00 7.990036687168410312e-01 2.009963312831588300e-01
0.000000000000000000e+00 8.726958195839611410e-01 1.273041804160387203e-01
0.000000000000000000e+00 1.000000000000000000e+00 0.000000000000000000e+00
6.847767005562872822e-02 0.000000000000000000e+00 9.315223299443715632e-01
8.650705162508964818e-02 9.241654339262993234e-02 8.210764049822802946e-01
8.674198813193204072e-02 2.260997364397113740e-01 6.871582754283566130e-01
1.374740672692744969e-01 2.498824729566051783e-01 6.126434597741202692e-01
1.101125225057482948e-01 3.610123644392869702e-01 5.288751130549645962e-01
9.531099357731254162e-02 5.000763799093825845e-01 4.046126265133048738e-01
9.746669288162540523e-02 5.874617876161914998e-01 3.150715195021829840e-01
8.378164469140607362e-02 6.647601914505658627e-01 2.514581638580280498e-01
9.598197694968134408e-02 7.397543089915559200e-01 1.642637140587627775e-01
7.129061590615466681e-02 8.437348165664259048e-01 8.497456752741952557e-02
8.823314035469313754e-02 9.117668596453069041e-01 0.000000000000000000e+00
1.482869247580712313e-01 0.000000000000000000e+00 8.517130752419288520e-01
1.738286544730006100e-01 1.147969606259786057e-01 7.113743849010207843e-01
2.334602574914497741e-01 1.662404604193146174e-01 6.002992820892356640e-01
2.041008350251422576e-01 2.328556042516184421e-01 5.630435607232392448e-01
1.707538645371087793e-01 3.813180461052355641e-01 4.479280893576556011e-01
1.928134226053839773e-01 4.653949926777138368e-01 3.417915847169022969e-01
2.156981877819423576e-01 5.312117593209375599e-01 2.530900528971201102e-01
1.857521487803375226e-01 6.301594959773674232e-01 1.840883552422951097e-01
1.556627632616928159e-01 7.367911655500452017e-01 1.075460711882620934e-01
1.473392945315230573e-01 8.526607054684769427e-01 0.000000000000000000e+00
2.938871424131637711e-01 0.000000000000000000e+00 7.061128575868363955e-01
2.743376572087063425e-01 7.827710058034267893e-02 6.473852422109509508e-01
2.842240550081220340e-01 1.609684486208824150e-01 5.548074963709952456e-01
2.676727262834096566e-01 2.812055708816249555e-01 4.511217028349653324e-01
2.598116598965431456e-01 3.790408179786096121e-01 3.611475221248472423e-01
2.599022201686816969e-01 4.785321543298130531e-01 2.615656255015052500e-01
2.725708839079499790e-01 5.355148618051845943e-01 1.919142542868654822e-01
2.649864176679055938e-01 6.488687561315729102e-01 8.614482620052153761e-02
2.813771445824091444e-01 7.186228554175908556e-01 0.000000000000000000e+00
3.186831679069480616e-01 0.000000000000000000e+00 6.813168320930520494e-01
3.230290918474169604e-01 1.226910100912342039e-01 5.542798980613488080e-01
3.919330090076778017e-01 1.677441990767768176e-01 4.403227919155454639e-01
3.524907696055918915e-01 2.916866006348260987e-01 3.558226297595818988e-01
3.697159259789245533e-01 3.582370931629915711e-01 2.720469808580839310e-01
3.868565927747041888e-01 4.311992066378564914e-01 1.819442005874392088e-01
3.407937251605150930e-01 5.311087812500974170e-01 1.280974935893876010e-01
3.457497880029309356e-01 6.542502119970691199e-01 0.000000000000000000e+00
4.779457056485191813e-01 0.000000000000000000e+00 5.220542943514808742e-01
4.493676854237794727e-01 9.198991635079130369e-02 4.586423982254292375e-01
4.530324135281426079e-01 1.932108057071254825e-01 3.537567807647318818e-01
4.205886858695061514e-01 2.809397298462966708e-01 2.984715842841971778e-01
4.477664863427291975e-01 3.764217975471359501e-01 1.758117161101349357e-01
4.248858070544636045e-01 4.921550149678322050e-01 8.295917797770419044e-02
4.256033276504634366e-01 5.743966723495363969e-01 0.000000000000000000e+00
5.136689342560032401e-01 0.000000000000000000e+00 4.863310657439968709e-01
5.295246296635791605e-01 8.987529648454291309e-02 3.806000738518778848e-01
5.728789908674625231e-01 1.898989560489541817e-01 2.372220530835834618e-01
5.566997092783998458e-01 2.543788733586436757e-01 1.889214173629565896e-01
5.392024286381237319e-01 3.573834808232272398e-01 1.034140905386490283e-01
5.483376259058271307e-01 4.516623740941727583e-01 0.000000000000000000e+00
6.103948627237714142e-01 0.000000000000000000e+00 3.896051372762286968e-01
6.352629999707221087e-01 9.504571734393542359e-02 2.696912826853424816e-01
6.435837153856927007e-01 1.825578768175917799e-01 1.738584077967153807e-01
6.320487296639233366e-01 2.635784109746547310e-01 1.043728593614218214e-01
6.099392409101871415e-01 3.900607590898128585e-01 0.000000000000000000e+00
6.819890839019296935e-01 0.000000000000000000e+00 3.180109160980703620e-01
7.360798124916657637e-01 7.669759462012715190e-02 1.872225928882071122e-01
7.367088219837062413e-01 1.805058014473227834e-01 8.278537656897101693e-02
7.373332039702051866e-01 2.626667960297947024e-01 0.000000000000000000e+00
7.691092559027592479e-01 0.000000000000000000e+00 2.308907440972407521e-01
7.879212574808270864e-01 7.124987637575332100e-02 1.408288661434195232e-01
8.134420988796261520e-01 1.865579011203739035e-01 0.000000000000000000e+00
9.766231284008235480e-01 0.000000000000000000e+00 2.337687159917640686e-02
9.189242329791316166e-01 8.107576702086830012e-02 0.000000000000000000e+00
1.000000000000000000e+00 0.000000000000000000e+00 0.000000000000000000e+00
