0.000000000000000000e+00 0.000000000000000000e+00 1.000000000000000000e+00
0.000000000000000000e+00 8.818298465206800274e-02 9.118170153479319140e-01
0.000000000000000000e+00 1.729794540939936509e-01 8.270205459060062658e-01
0.000000000000000000e+00 2.772338419121161412e-01 7.227661580878839143e-01
0.000000000000000000e+00 3.648155220209753358e-01 6.351844779790246642e-01
0.000000000000000000e+00 4.454752300328565506e-01 5.545247699671433939e-01
0.000000000000000000e+00 5.407809489565350569e-01 4.592190510434648321e-01
0.000000000000000000e+00 6.309197186319209782e-01 3.690802813680789107e-01
0.000000000000000000e+00 7.074126516193731673e-01 2.925873483806267217e-01
0.000000000000000000e+00 8.162332137169241442e-01 1.837667862830760501e-01
0.000000000000000000e+00 9.017641381096230813e-01 9.823586189037701588e-02
0.000000000000000000e+00 1.000000000000000000e+00 0.000000000000000000e+00
9.873879602849866544e-02 0.000000000000000000e+00 9.012612039715012235e-01
8.377375749475104993e-02 9.215293779653367656e-02 8.240733047087154262e-01
8.995595580187734641e-02 1.872583591143246462e-01 7.227856850837981462e-01
8.959990339992725261e-02 2.763378827695301410e-01 6.340622138305427313e-01
9.613810499580718871e-02 3.514270787911213390e-01 5.524348162130716666e-01
9.170733394299256103e-02 4.392154665461220353e-01 4.690771995108852788e-01
8.782012638008411531e-02 5.466601360153214850e-01 3.655197376045942748e-01
9.379808244786039251e-02 6.325318127678644098e-01 2.736701047842755030e-01
9.925431024076548925e-02 7.250088250895866393e-01 1.757368646696479964e-01
8.887809714138211747e-02 8.171259798248233786e-01 9.399592303379475378e-02
9.090909090909091161e-02 9.090909090909090606e-01 0.000000000000000000e+00
1.810707315910578541e-01 0.000000000000000000e+00 8.189292684089422014e-01
1.805221693559709017e-01 9.294290023185519667e-02 7.265349304121738738e-01
1.862842878155381299e-01 1.877934219549886041e-01 6.259222902294734325e-01
1.883343381648979187e-01 2.680669632517242995e-01 5.435986985833778373e-01
1.878896392886519329e-01 3.580812586779936746e-01 4.540291020333543370e-01
1.613564856069297504e-01 4.554317826681699155e-01 3.832117317249001953e-01
1.815688580926700102e-01 5.479494930902293337e-01 2.704816488171007949e-01
1.669137873100491332e-01 6.545904866300555902e-01 1.784957260598953876e-01
1.863192741647317074e-01 7.208842326001915213e-01 9.279649323507704883e-02
1.683981590613045087e-01 8.316018409386956023e-01 0.000000000000000000e+00
2.809376617544412924e-01 0.000000000000000000e+00 7.190623382455587631e-01
2.844295984754340312e-01 8.425083714069532548e-02 6.313195643838706017e-01
2.602467344555650097e-01 1.882525657848436174e-01 5.515006997595914839e-01
2.807952711851739447e-01 2.645024047467798289e-01 4.547023240680463374e-01
2.667291354726417651e-01 3.651980349402753068e-01 3.680728295870828726e-01
2.551964214232361750e-01 4.558944081555194039e-01 2.889091704212443101e-01
2.667722771738518239e-01 5.505430512493301176e-01 1.826846715768179197e-01
2.865189159297604204e-01 6.233447449375928429e-01 9.013633913264677833e-02
2.709960974406437351e-01 7.290039025593564315e-01 0.000000000000000000e+00
3.655013253263101891e-01 0.000000000000000000e+00 6.344986746736896999e-01
3.504447604927812265e-01 9.656063846477301593e-02 5.529946010424456881e-01
3.732887665040343084e-01 1.763761146248427891e-01 4.503351188711227637e-01
3.636283268729585405e-01 2.725983514502789418e-01 3.637733216767624622e-01
3.608975233311345621e-01 3.661103872873350817e-01 2.729920893815304117e-01
3.566828438879654506e-01 4.545021973840852603e-01 1.888149587279492059e-01
3.671683813134483110e-01 5.458681672030889498e-01 8.696345148346289189e-02
3.611155044043840578e-01 6.388844955956158866e-01 0.000000000000000000e+00
4.639451843181355284e-01 0.000000000000000000e+00 5.360548156818644161e-01
4.512756105054760436e-01 9.267481510638125863e-02 4.560495743881426423e-01
4.437518587517738089e-01 1.772792143326789305e-01 3.789689269155472884e-01
4.591735919275868327e-01 2.809097159523589737e-01 2.599166921200540825e-01
4.628422684620466798e-01 3.594330660958263146e-01 1.777246654421270333e-01
4.597081034587570669e-01 4.510849542689207015e-01 8.920694227232218998e-02
4.617660662172660135e-01 5.382339337827340975e-01 0.000000000000000000e+00
5.628919431356490533e-01 0.000000000000000000e+00 4.371080568643507247e-01
5.475504945790686806e-01 8.672003404192578369e-02 3.657294713790055773e-01
5.422041293169107545e-01 1.799043820656719417e-01 2.778914886174173038e-01
5.457895233464216123e-01 2.717920568119635005e-01 1.824184198416147484e-01
5.344655800324374928e-01 3.663839421486290160e-01 9.915047781893331080e-02
5.376692638565464533e-01 4.623307361434534357e-01 0.000000000000000000e+00
6.394450542225130762e-01 0.000000000000000000e+00 3.605549457774869238e-01
6.269879225508738774e-01 1.040526893329987435e-01 2.689593881161275735e-01
6.412426759966676215e-01 1.785496722491984045e-01 1.802076517541339185e-01
6.217120445699703124e-01 2.863135619747968486e-01 9.197439345523289456e-02
6.326654841228104287e-01 3.673345158771895713e-01 0.000000000000000000e+00
7.370335043472387992e-01 0.000000000000000000e+00 2.629664956527614228e-01
7.233913927317783266e-01 1.000475756937490163e-01 1.765610315744728098e-01
7.324545254807148797e-01 1.793582701308134575e-01 8.818720438847171827e-02
7.146008899912290602e-01 2.853991100087711064e-01 0.000000000000000000e+00
8.355865099244224048e-01 0.000000000000000000e+00 1.644134900755777895e-01
8.128995872268216516e-01 1.053047159067296290e-01 8.179569686644887205e-02
8.138281849548516522e-01 1.861718150451482923e-01 0.000000000000000000e+00
9.079654184165926178e-01 0.000000000000000000e+00 9.203458158340745154e-02
9.040797505764480713e-01 9.592024942355188710e-02 0.000000000000000000e+00
1.000000000000000000e+00 0.000000000000000000e+00 0.000000000000000000e+00
