0.000000000000000000e+00 0.000000000000000000e+00 1.000000000000000000e+00
0.000000000000000000e+00 7.454963932235914026e-02 9.254503606776409708e-01
0.000000000000000000e+00 1.618297653889307075e-01 8.381702346110694313e-01
0.000000000000000000e+00 3.068633307080912975e-01 6.931366692919089800e-01
0.000000000000000000e+00 3.794732298674786675e-01 6.205267701325214436e-01
0.000000000000000000e+00 4.803385262264840416e-01 5.196614737735160139e-01
0.000000000000000000e+00 5.454545454545454142e-01 4.545454545454545303e-01
0.000000000000000000e+00 6.332210186065247992e-01 3.667789813934750898e-01
0.000000000000000000e+00 7.360722372591762541e-01 2.639277627408238014e-01
0.000000000000000000e+00 8.414450053116366846e-01 1.585549946883635097e-01
0.000000000000000000e+00 8.874564009784037255e-01 1.125435990215962467e-01
0.000000000000000000e+00 1.000000000000000000e+00 0.000000000000000000e+00
1.035218083979995013e-01 0.000000000000000000e+00 8.964781916020004848e-01
8.970574386547804091e-02 8.083644735511727464e-02 8.294578087794046706e-01
1.004103241095760379e-01 1.650590307042575922e-01 7.345306451861663977e-01
7.690052238272898633e-02 2.796339730365520748e-01 6.434655045807189389e-01
8.767974266079209267e-02 3.681839429613209536e-01 5.441363143778868983e-01
6.668351807818061194e-02 4.456757978222237182e-01 4.876406840995956005e-01
7.783037641819473551e-02 5.470784900908428616e-01 3.750911334909622918e-01
7.596956455254205709e-02 6.295204338195631300e-01 2.945100016278947019e-01
1.023556063911328362e-01 7.088901778773284423e-01 1.887542157315387770e-01
7.645935675215440042e-02 8.269752107188751422e-01 9.656543252897052676e-02
1.093707271190016150e-01 8.906292728809982462e-01 0.000000000000000000e+00
2.053584673007828321e-01 0.000000000000000000e+00 7.946415326992173345e-01
1.689721085908601206e-01 1.084675928578166804e-01 7.225602985513233101e-01
1.846711961123576329e-01 1.915149154993205094e-01 6.238138883883218577e-01
1.778572856497867560e-01 2.951691298385653028e-01 5.269735845116478856e-01
1.795025956251768140e-01 3.463027048793881346e-01 4.741946994954348571e-01
1.679625523394634723e-01 4.668649850532546886e-01 3.651724626072817004e-01
1.551338618484348064e-01 5.672106764080409036e-01 2.776554617435240679e-01
1.803392561137458494e-01 6.303469532532596231e-01 1.893137906329943609e-01
1.785240726665626165e-01 7.267035946850128880e-01 9.477233264842462035e-02
2.008613021033484047e-01 7.991386978966517063e-01 0.000000000000000000e+00
2.672636261226781773e-01 0.000000000000000000e+00 7.327363738773218227e-01
2.750970940371087470e-01 9.923373794634980649e-02 6.256691680165411551e-01
2.915262388378569436e-01 1.705322373886899168e-01 5.379415237734532784e-01
2.708324362219075021e-01 2.561670079799809319e-01 4.730005557981115660e-01
2.811932342528309370e-01 3.562958140877787172e-01 3.625109516593902348e-01
3.014048033936911342e-01 4.257100708191304261e-01 2.728851257871783287e-01
2.775500242626434688e-01 5.482292444234979634e-01 1.742207313138587066e-01
2.820839863166259009e-01 6.346831500906655599e-01 8.323286359270848367e-02
2.627876351678881117e-01 7.372123648321118328e-01 0.000000000000000000e+00
3.949895940295795604e-01 0.000000000000000000e+00 6.050104059704204396e-01
4.003720660497331885e-01 7.235927942774546262e-02 5.272686545225213628e-01
3.517942463754547000e-01 1.760382568864518049e-01 4.721674967380936061e-01
3.460637102032392831e-01 2.593150071143985880e-01 3.946212826823620734e-01
3.651737084763808094e-01 3.219958513182840654e-01 3.128304402053350142e-01
3.734643776389210412e-01 4.490722746177563951e-01 1.774633477433226469e-01
3.697978629358635860e-01 5.574214547812685883e-01 7.278068228286782571e-02
3.698826474767003547e-01 6.301173525232995898e-01 0.000000000000000000e+00
4.957495590247427142e-01 0.000000000000000000e+00 5.042504409752571748e-01
4.463159943558098197e-01 1.057790710850882998e-01 4.479049345591019082e-01
4.742432750302278954e-01 1.718876080662001815e-01 3.538691169035719231e-01
4.613178068691975442e-01 2.678998470125267262e-01 2.707823461182755631e-01
4.730306273382219873e-01 3.400771265767735252e-01 1.868922460850044598e-01
4.607495473918118423e-01 4.457437830164103221e-01 9.350666959177772464e-02
4.254861385778631044e-01 5.745138614221367845e-01 0.000000000000000000e+00
5.687253205949138746e-01 0.000000000000000000e+00 4.312746794050861809e-01
5.465957395486423787e-01 9.111182808613649264e-02 3.622924323652210177e-01
5.545389367783287726e-01 1.927101748938975512e-01 2.527508883277736484e-01
5.465758810766355724e-01 2.826153631165263524e-01 1.708087558068380751e-01
5.661024029500199006e-01 3.432815252904526382e-01 9.061607175952737792e-02
5.471088825880696671e-01 4.528911174119302219e-01 0.000000000000000000e+00
6.260034358215040839e-01 0.000000000000000000e+00 3.739965641784960826e-01
6.430506547885438406e-01 1.010075576622610077e-01 2.559417875491951655e-01
6.271307070105054393e-01 1.748690423140238925e-01 1.980002506754706404e-01
6.461403286058473583e-01 2.756530551834123766e-01 7.820661621074025127e-02
6.179611437784866546e-01 3.820388562215131789e-01 0.000000000000000000e+00
7.248322981142228949e-01 0.000000000000000000e+00 2.751677018857773271e-01
7.304906726046365151e-01 7.313146259004056626e-02 1.963778648053229881e-01
7.419221788547918361e-01 1.725760837246968493e-01 8.550173742051121739e-02
7.112867610811357544e-01 2.887132389188641901e-01 0.000000000000000000e+00
8.209557554457026507e-01 0.000000000000000000e+00 1.790442445542974048e-01
8.087421380790627001e-01 9.768762766297575673e-02 9.357023425796177907e-02
8.453043170303549125e-01 1.546956829696451152e-01 0.000000000000000000e+00
8.747652773566050310e-01 0.000000000000000000e+00 1.252347226433949967e-01
8.888376902169105032e-01 1.111623097830894968e-01 0.000000000000000000e+00
1.000000000000000000e+00 0.000000000000000000e+00 0.000000000000000000e+00
