0.000000000000000000e+00 0.000000000000000000e+00 1.000000000000000000e+00
0.000000000000000000e+00 1.168943160326388897e-01 8.831056839673612213e-01
0.000000000000000000e+00 2.029682088515963323e-01 7.970317911484038342e-01
0.000000000000000000e+00 2.310384983433082517e-01 7.689615016566918593e-01
0.000000000000000000e+00 3.206564335597671400e-01 6.793435664402327490e-01
0.000000000000000000e+00 4.129313557407615631e-01 5.870686442592382148e-01
0.000000000000000000e+00 5.728945088391433904e-01 4.271054911608563875e-01
0.000000000000000000e+00 6.583401110804958378e-01 3.416598889195042177e-01
0.000000000000000000e+00 7.542275565897555989e-01 2.457724434102445676e-01
0.000000000000000000e+00 9.264780121926919909e-01 7.352198780730810623e-02
0.000000000000000000e+00 9.824207193599694410e-01 1.757928064003068044e-02
0.000000000000000000e+00 1.000000000000000000e+00 0.000000000000000000e+00
6.828551773978863704e-02 0.000000000000000000e+00 9.317144822602114740e-01
3.899393787053504618e-02 1.213147288165194460e-01 8.396913333129455426e-01
7.456722474970089998e-02 2.270341816165265536e-01 6.983985936337725464e-01
6.914527840116813096e-02 3.284134655529087898e-01 6.024412560459230237e-01
6.911495648985591100e-02 3.589644497050124561e-01 5.719205938051314941e-01
8.186670093682808791e-02 5.157261697082358154e-01 4.024071293549359440e-01
3.916105248435799990e-02 6.005040206471636832e-01 3.603349268684784557e-01
2.844882486915634168e-02 6.722247097492387580e-01 2.993264653816049559e-01
8.636270733362612362e-02 7.336308487236009590e-01 1.800064439427728757e-01
6.188689165805925929e-02 8.602512786160532166e-01 7.786182972588752416e-02
4.623606461623427921e-02 9.537639353837656930e-01 0.000000000000000000e+00
1.631121384514984118e-01 0.000000000000000000e+00 8.368878615485016992e-01
1.499775793796938872e-01 4.511375154332047249e-02 8.049086690769855501e-01
2.051759930378152241e-01 1.655162414092712919e-01 6.293077655529136782e-01
1.974448637188045419e-01 2.906283242571220948e-01 5.119268120240734188e-01
1.286450588546266538e-01 4.207206770399373741e-01 4.506342641054357223e-01
1.946383468006025463e-01 4.312611892612054909e-01 3.741004639381919628e-01
1.465750750081845633e-01 5.807647775748634444e-01 2.726601474169518813e-01
1.506414569460029773e-01 5.970071821576462545e-01 2.523513608963506294e-01
1.359763113247843547e-01 7.321245021891196192e-01 1.318991864860962204e-01
1.020110475131457001e-01 8.979889524868540640e-01 0.000000000000000000e+00
2.357504823181334752e-01 0.000000000000000000e+00 7.642495176818664415e-01
2.783590629603029942e-01 2.434758846213156899e-02 6.972933485775654194e-01
2.682353991289520012e-01 2.304657207831151688e-01 5.012988800879327744e-01
2.785052279984260304e-01 3.214676659843327955e-01 4.000271060172411741e-01
2.871057057664188616e-01 3.689533924558096034e-01 3.439409017777716460e-01
2.868363752061982019e-01 4.249125507393448631e-01 2.882510740544568795e-01
2.762836101050634152e-01 5.271131008478577851e-01 1.966032890470787164e-01
2.300530426808098383e-01 6.202359862488395770e-01 1.497109710703506402e-01
2.506900739494368757e-01 7.493099260505631243e-01 0.000000000000000000e+00
2.914486287994877967e-01 0.000000000000000000e+00 7.085513712005120368e-01
3.667990239703889377e-01 7.591719630835341848e-02 5.572837797212577549e-01
3.798383553798732049e-01 1.858671106457389643e-01 4.342945339743878863e-01
3.489580776291899555e-01 3.415170256474182597e-01 3.095248967233917847e-01
3.969330655337948710e-01 3.481786409541987037e-01 2.548882935120065363e-01
3.714312008097014894e-01 4.588444604502378565e-01 1.697243387400605985e-01
3.804157081918972949e-01 5.368800365449878376e-01 8.270425526311475650e-02
3.059251111785553090e-01 6.940748888214446355e-01 0.000000000000000000e+00
4.404760057429103481e-01 0.000000000000000000e+00 5.595239942570895408e-01
4.424847634054309697e-01 1.384269908631429180e-01 4.190882457314262233e-01
4.452151608561724649e-01 1.958533541976112680e-01 3.589314849462164059e-01
5.061110222718780971e-01 2.364673997942382255e-01 2.574215779338838161e-01
4.554994255177217677e-01 4.011472211233728657e-01 1.433533533589053111e-01
4.075197330119920691e-01 5.315634124856346565e-01 6.091685450237326049e-02
3.467779081970400190e-01 6.532220918029599810e-01 0.000000000000000000e+00
4.662247015425194374e-01 0.000000000000000000e+00 5.337752984574805071e-01
4.944945840123157743e-01 1.140582357733880003e-01 3.914471802142964751e-01
5.224050208658446159e-01 2.107454434754195971e-01 2.668495356587360368e-01
5.265117758713019347e-01 2.431798249902493436e-01 2.303083991384487772e-01
5.152571429944409198e-01 4.089433911585169112e-01 7.579946584704215506e-02
4.469980123260899885e-01 5.530019876739099560e-01 0.000000000000000000e+00
5.833874056222888571e-01 0.000000000000000000e+00 4.166125943777111429e-01
6.260086089150541655e-01 1.206027686278156874e-01 2.533886224571301193e-01
6.060481814459905969e-01 1.842026617300213109e-01 2.097491568239881476e-01
6.450660717566948366e-01 2.701512714170771767e-01 8.478265682622788957e-02
5.255159626638332693e-01 4.744840373361666197e-01 0.000000000000000000e+00
6.869940550662640977e-01 0.000000000000000000e+00 3.130059449337360133e-01
7.102235188876135918e-01 9.113670912453525341e-02 1.986397719878512935e-01
6.970036410272096861e-01 1.864586296165698931e-01 1.165377293562203237e-01
7.959081810048079797e-01 2.040918189951918538e-01 0.000000000000000000e+00
8.128732318709845917e-01 0.000000000000000000e+00 1.871267681290155749e-01
8.548601407545555197e-01 6.743168593719323090e-02 7.770817330825134650e-02
8.481274400849485584e-01 1.518725599150513861e-01 0.000000000000000000e+00
8.569684374356736356e-01 0.000000000000000000e+00 1.430315625643265309e-01
9.603419209144979929e-01 3.965807908550204181e-02 0.000000000000000000e+00
1.000000000000000000e+00 0.000000000000000000e+00 0.000000000000000000e+00
