0.000000000000000000e+00 0.000000000000000000e+00 1.000000000000000000e+00
0.000000000000000000e+00 3.721214435415931554e-02 9.627878556458406845e-01
0.000000000000000000e+00 1.054658031361251358e-01 8.945341968638746977e-01
0.000000000000000000e+00 2.209649226179152826e-01 7.790350773820846619e-01
0.000000000000000000e+00 2.734891156328159711e-01 7.265108843671838068e-01
0.000000000000000000e+00 3.129926417265248562e-01 6.870073582734750328e-01
0.000000000000000000e+00 3.973808283930045926e-01 6.026191716069954074e-01
0.000000000000000000e+00 4.573285104618609598e-01 5.426714895381389292e-01
0.000000000000000000e+00 5.008573845805894820e-01 4.991426154194104070e-01
0.000000000000000000e+00 5.609265559752864005e-01 4.390734440247137105e-01
0.000000000000000000e+00 6.393770346573006691e-01 3.606229653426996640e-01
0.000000000000000000e+00 6.978327489529604355e-01 3.021672510470396755e-01
0.000000000000000000e+00 7.193742695201411630e-01 2.806257304798587815e-01
0.000000000000000000e+00 7.874160975902516624e-01 2.125839024097484486e-01
0.000000000000000000e+00 8.497892103490733984e-01 1.502107896509266294e-01
0.000000000000000000e+00 9.646830257826831678e-01 3.531697421731680442e-02
0.000000000000000000e+00 1.000000000000000000e+00 0.000000000000000000e+00
7.010936695264773089e-02 0.000000000000000000e+00 9.298906330473521997e-01
5.026547516894500078e-02 6.888632755561950594e-02 8.808481972754356182e-01
5.897620990305807442e-02 1.243630463294132099e-01 8.166607437675288406e-01
5.087332655186187214e-02 1.696776085703353421e-01 7.794490648778027442e-01
4.700555465664489618e-02 2.532192351375686656e-01 6.997752102057863688e-01
6.561289031643768865e-02 3.049035792298425696e-01 6.294835304537196308e-01
5.279382856307694022e-02 3.758915149255701027e-01 5.713146565113530473e-01
4.963173532378720165e-02 4.306720269916473609e-01 5.196962376845654097e-01
5.065062670723185362e-02 5.361549872799938887e-01 4.131943860127741952e-01
5.017340522702146144e-02 5.772679864517157311e-01 3.725586083212627520e-01
5.202752199715934833e-02 6.365528871834322810e-01 3.114195908194084539e-01
3.686902013975103948e-02 6.981077186869186768e-01 2.650232611733303600e-01
4.974011103351935748e-02 7.487974018277741006e-01 2.014624871387065974e-01
7.996355165938585918e-02 8.040167079831540553e-01 1.160197403574600994e-01
6.614742443761362223e-02 8.498330597636789552e-01 8.401951579870767239e-02
1.163538579012357577e-01 8.836461420987642423e-01 0.000000000000000000e+00
1.378739520706067090e-01 0.000000000000000000e+00 8.621260479293931800e-01
1.081282570901733742e-01 6.915873105133020504e-02 8.227130118584964347e-01
1.187099270487325942e-01 1.239540128248385609e-01 7.573360601264289560e-01
1.435290751158687927e-01 1.659948153857386532e-01 6.904761094983925540e-01
1.024729806066686788e-01 2.659256139799889840e-01 6.316014054133425315e-01
1.510051058324062279e-01 3.134028289912734189e-01 5.355920651763202978e-01
1.587654346663916194e-01 3.678383490270954459e-01 4.733962163065126849e-01
1.151453689683680226e-01 4.571479075163918937e-01 4.277067235152399727e-01
1.171830897431513363e-01 4.992173651962893421e-01 3.835995450605593771e-01
1.330574545928603636e-01 5.738941193866314849e-01 2.930484260205080682e-01
1.055442699405354234e-01 6.442032055345325858e-01 2.502525245249319075e-01
1.372948387695890893e-01 6.991907419440510640e-01 1.635144192863600687e-01
1.134345608164842867e-01 7.404516178092441780e-01 1.461138213742715908e-01
1.337303434865843854e-01 8.025267953330460502e-01 6.374286118036966153e-02
1.557570852948651496e-01 8.442429147051349059e-01 0.000000000000000000e+00
1.752695262364563911e-01 0.000000000000000000e+00 8.247304737635434702e-01
2.024668677040006859e-01 3.661672168206515920e-02 7.609164106139342243e-01
2.106012559655073280e-01 1.007482503042071847e-01 6.886504937302855289e-01
1.799700388394275818e-01 1.623017816198276952e-01 6.577281795407446952e-01
1.751254298862476300e-01 2.581299547132840932e-01 5.667446154004682768e-01
2.096094140527126060e-01 3.117111211397092796e-01 4.786794648075780034e-01
1.793267606198760411e-01 3.937851871307503915e-01 4.268880522493734841e-01
1.826465404695201966e-01 4.710699678485402164e-01 3.462834916819397257e-01
1.894059525343992634e-01 4.982093827371402717e-01 3.123846647284604372e-01
2.048559573157778257e-01 5.488943579421113883e-01 2.462496847421106472e-01
2.007523701711453334e-01 6.089064554379864935e-01 1.903411743908682008e-01
1.682119456399935042e-01 7.018153738153032339e-01 1.299726805447032618e-01
2.002725249167969790e-01 7.694556454131113998e-01 3.027182967009172526e-02
1.876873542134948891e-01 8.123126457865050831e-01 0.000000000000000000e+00
2.272122336649320395e-01 0.000000000000000000e+00 7.727877663350679605e-01
2.332917972104928683e-01 4.733134855332265384e-02 7.193768542361843599e-01
2.324042030020007088e-01 1.216841620001360424e-01 6.459116349978630822e-01
2.138903260628566283e-01 2.227511356543320775e-01 5.633585382828112387e-01
2.379197025549673050e-01 2.626712602682110820e-01 4.994090371768216685e-01
2.613022883901338078e-01 3.170477464228226849e-01 4.216499651870435628e-01
2.272125248262527597e-01 3.947136573685480210e-01 3.780738178051991083e-01
2.450564579909679241e-01 4.515541575301468269e-01 3.033893844788850824e-01
2.732528708280710372e-01 5.095700323102744234e-01 2.171770968616546504e-01
2.526703265631877193e-01 5.780785321706424229e-01 1.692511412661699410e-01
2.561014882840094709e-01 6.072340662323432170e-01 1.366644454836474787e-01
2.168596088090041230e-01 7.006343694702459324e-01 8.250602172075013896e-02
2.412642801144542770e-01 7.587357198855457785e-01 0.000000000000000000e+00
2.748081437004324945e-01 0.000000000000000000e+00 7.251918562995677275e-01
2.995021275200169253e-01 9.000995296613732710e-02 6.104879195138458448e-01
3.106064989338821469e-01 1.294650078902316037e-01 5.599284931758863326e-01
3.231694916366437687e-01 1.949246630514872014e-01 4.819058453118689189e-01
3.126645179036501299e-01 2.468985976636933755e-01 4.404368844326564947e-01
3.337340438893467431e-01 3.010407508137216692e-01 3.652252052969316987e-01
3.187456881816411736e-01 3.877154587563087507e-01 2.935388530620499092e-01
3.241643060300600787e-01 4.333262775886159157e-01 2.425094163813238390e-01
3.256896115361422872e-01 5.103422965150141710e-01 1.639680919488435140e-01
2.899048006602777394e-01 5.757042741399009955e-01 1.343909251998215149e-01
2.780223524150122194e-01 6.436636536902816674e-01 7.831399389470626582e-02
3.046938092434195999e-01 6.953061907565806221e-01 0.000000000000000000e+00
3.589547540053023567e-01 0.000000000000000000e+00 6.410452459946976989e-01
3.897579093388680027e-01 6.539978484319164398e-02 5.448423058179402423e-01
3.734102409256431221e-01 1.313508696324881819e-01 4.952388894418688348e-01
3.753078089565032305e-01 1.774161500177116879e-01 4.472760410257852204e-01
3.814834326723051117e-01 2.345906424357632747e-01 3.839259248919316136e-01
3.502887675986403049e-01 3.344012175531821396e-01 3.153100148481775555e-01
3.836405628366728049e-01 3.626295118961913033e-01 2.537299252671357808e-01
3.895022879769425295e-01 4.273826046109680532e-01 1.831151074120892230e-01
3.755337341495493253e-01 5.124571729860176728e-01 1.120090928644328909e-01
3.684631131453534603e-01 5.603606082240671915e-01 7.117627863057933435e-02
3.733242225619777255e-01 6.266757774380223855e-01 0.000000000000000000e+00
4.275838024488420319e-01 0.000000000000000000e+00 5.724161975511576905e-01
4.646295041491380617e-01 5.916443309028684983e-02 4.762060627605751439e-01
4.168884982975473164e-01 1.258069541936036040e-01 4.573045475088491907e-01
4.550229394823430140e-01 1.888675182860030943e-01 3.561095422316538639e-01
4.524763360111829225e-01 2.717712152228143885e-01 2.757524487660025225e-01
4.503031482553251919e-01 3.042947278373225317e-01 2.454021239073521377e-01
4.407094764983741086e-01 3.543977080573123550e-01 2.048928154443135918e-01
4.621764899179327535e-01 4.196255187417015642e-01 1.181979913403655574e-01
4.390909459701613504e-01 5.167615397493845464e-01 4.414751428045392279e-02
4.584145916907546026e-01 5.415854083092455085e-01 0.000000000000000000e+00
5.203317236229541010e-01 0.000000000000000000e+00 4.796682763770457880e-01
5.128267975979536875e-01 6.760461937058644122e-02 4.195685830314597742e-01
4.996397309619182714e-01 1.557333162115099867e-01 3.446269528265718529e-01
5.063134411568107618e-01 1.984196860519036598e-01 2.952668727912855506e-01
5.082813927292678668e-01 2.489008021580355334e-01 2.428178051126965165e-01
4.899310416262556700e-01 3.159221373771330943e-01 1.941468209966111247e-01
4.890341164693787768e-01 3.846886927504087339e-01 1.262771907802125726e-01
4.976938571554603841e-01 4.407670130714619328e-01 6.153912977307762766e-02
5.363018673959281113e-01 4.636981326040717777e-01 0.000000000000000000e+00
5.639809364598080688e-01 0.000000000000000000e+00 4.360190635401917092e-01
5.718613039323651170e-01 6.596974245695393091e-02 3.621689536106809104e-01
5.476437874562144481e-01 1.397154364115193725e-01 3.126407761322661516e-01
5.502779265860917590e-01 1.728163215311554479e-01 2.769057518827528486e-01
5.505313634208941487e-01 2.854387116802777902e-01 1.640299248988280612e-01
5.480163474349005748e-01 3.476385319753491077e-01 1.043451205897503314e-01
5.673650237482440462e-01 3.724412128824802215e-01 6.019376336927583643e-02
5.854003015872233373e-01 4.145996984127764962e-01 0.000000000000000000e+00
5.757519122286812729e-01 0.000000000000000000e+00 4.242480877713186715e-01
6.422807719372528590e-01 5.721522270249903425e-02 3.005040053602480166e-01
6.376109898666063591e-01 1.249402521289040002e-01 2.374487580044899460e-01
6.338299845872197302e-01 1.985326868412566892e-01 1.676373285715235251e-01
6.016943477057956624e-01 2.760307244964329554e-01 1.222749277977713267e-01
6.565925737563559350e-01 2.990217513216280043e-01 4.438567492201607456e-02
6.760417503758242574e-01 3.239582496241755205e-01 0.000000000000000000e+00
7.107433252935312362e-01 0.000000000000000000e+00 2.892566747064689303e-01
6.992111682839381448e-01 6.402522725191323039e-02 2.367636044641489579e-01
7.234109595497556500e-01 9.744396779832112387e-02 1.791450726519233094e-01
7.174815162685979075e-01 1.836728235845992707e-01 9.884566014680302992e-02
7.019529696797816021e-01 2.614273073778463075e-01 3.661972294237215292e-02
7.217998796059688082e-01 2.782001203940312473e-01 0.000000000000000000e+00
7.469431082791766485e-01 0.000000000000000000e+00 2.530568917208235735e-01
7.568940538494538517e-01 5.921501497788597690e-02 1.838909311726603935e-01
7.580238892991620903e-01 1.194210375087847859e-01 1.225550731920532210e-01
7.515534678200170848e-01 1.928806798867034045e-01 5.556585229327948294e-02
7.768292545809946104e-01 2.231707454190051954e-01 0.000000000000000000e+00
7.981242939454473717e-01 0.000000000000000000e+00 2.018757060545528226e-01
7.909747051567073139e-01 5.578465317265580981e-02 1.532406416706367791e-01
8.009839773662731366e-01 1.476241494913134444e-01 5.139187314241357857e-02
8.159507521190747514e-01 1.840492478809252486e-01 0.000000000000000000e+00
8.569290129729458805e-01 0.000000000000000000e+00 1.430709870270541473e-01
8.761546321399845683e-01 7.773649216071561174e-02 4.610887569929973673e-02
8.571728357464357684e-01 1.428271642535642316e-01 0.000000000000000000e+00
9.680428726191164790e-01 0.000000000000000000e+00 3.195712738088358346e-02
9.522456496777230717e-01 4.775435032227677568e-02 0.000000000000000000e+00
1.000000000000000000e+00 0.000000000000000000e+00 0.000000000000000000e+00
