0.000000000000000000e+00 0.000000000000000000e+00 1.000000000000000000e+00
0.000000000000000000e+00 4.019500437363292267e-02 9.598049956263672300e-01
0.000000000000000000e+00 1.970512536992658770e-01 8.029487463007342063e-01
0.000000000000000000e+00 2.658203941946084004e-01 7.341796058053915441e-01
0.000000000000000000e+00 3.350675960906961404e-01 6.649324039093036376e-01
0.000000000000000000e+00 3.745848682220824233e-01 6.254151317779175212e-01
0.000000000000000000e+00 4.271647963094004075e-01 5.728352036905997036e-01
0.000000000000000000e+00 4.683047532611344099e-01 5.316952467388657011e-01
0.000000000000000000e+00 5.045676944941464015e-01 4.954323055058536540e-01
0.000000000000000000e+00 5.465031041535186596e-01 4.534968958464814515e-01
0.000000000000000000e+00 6.419213567319338454e-01 3.580786432680663767e-01
0.000000000000000000e+00 6.721487130488243977e-01 3.278512869511760464e-01
0.000000000000000000e+00 6.847203398593494361e-01 3.152796601406508969e-01
0.000000000000000000e+00 7.980802384789471571e-01 2.019197615210530372e-01
0.000000000000000000e+00 8.352579472139166628e-01 1.647420527860834205e-01
0.000000000000000000e+00 8.925591408042088393e-01 1.074408591957913689e-01
0.000000000000000000e+00 1.000000000000000000e+00 0.000000000000000000e+00
6.490286231741444756e-02 0.000000000000000000e+00 9.350971376825856218e-01
8.748789362264036695e-02 4.645603035636685502e-02 8.660560760209931042e-01
6.745365517933185617e-02 1.256835302014062683e-01 8.068628146192617923e-01
3.886611531098731198e-02 2.334469835396003334e-01 7.276869011494122574e-01
7.171049344255506219e-02 2.895368367235419682e-01 6.387526698339028863e-01
5.222103821824668202e-02 3.420301383017457786e-01 6.057488234800074700e-01
7.874475443844473899e-02 3.880665520787211498e-01 5.331886934828340419e-01
7.708357528091540345e-02 4.454256403919396035e-01 4.774907843271450902e-01
4.964563057211342917e-02 5.030710227532466661e-01 4.472833466746398701e-01
5.818386241749261278e-02 5.685671933363595221e-01 3.732489442461480178e-01
9.791024318096105961e-02 6.117223718041477909e-01 2.903673850148912883e-01
6.402114044382754832e-02 6.777986238659146068e-01 2.581802356902577755e-01
6.681567464816001722e-02 7.095854951469535710e-01 2.235988302048863285e-01
7.034068395657136485e-02 7.610474070850808959e-01 1.686119089583477948e-01
5.597389739323135882e-02 8.250084075003857320e-01 1.190176951063830202e-01
4.133702876124750736e-02 9.586629712387526592e-01 0.000000000000000000e+00
1.440001415560203668e-01 0.000000000000000000e+00 8.559998584439798552e-01
1.387280313120605735e-01 3.240712911103557636e-02 8.288648395769038224e-01
9.595244934881431986e-02 1.167371500597890188e-01 7.873104005913966752e-01
1.027445256046873451e-01 2.499898999784256615e-01 6.472655744168870351e-01
1.236674530822973461e-01 2.704157675465379551e-01 6.059167793711647265e-01
1.307796099168682391e-01 2.937267010618197505e-01 5.754936890213120382e-01
1.180462219489371578e-01 4.148146550076666772e-01 4.671391230433962760e-01
1.609481459222885658e-01 4.454429920595004977e-01 3.936088620182109366e-01
9.870143765045828743e-02 5.380909990264259868e-01 3.632075633231158229e-01
1.130129526799635992e-01 5.582974671336711214e-01 3.286895801863655153e-01
1.323123950371533908e-01 6.078626334285929245e-01 2.598249715342538790e-01
1.563143890189585827e-01 6.245514031634668006e-01 2.191342078175745611e-01
1.213503121988526445e-01 7.090310239537295223e-01 1.696186638474178332e-01
9.592146480935058450e-02 7.706337249304676673e-01 1.334448102601819286e-01
1.409656511371628895e-01 8.590343488628373603e-01 0.000000000000000000e+00
2.091955970490661509e-01 0.000000000000000000e+00 7.908044029509342376e-01
1.754352647553231170e-01 9.111493342992529887e-02 7.334498018147516119e-01
1.584099204613850231e-01 1.438744858205545374e-01 6.977155937180603562e-01
1.466717861862072980e-01 2.221738145232248218e-01 6.311543992905678246e-01
1.817056602366283746e-01 2.681758781685033566e-01 5.501184615948683243e-01
1.715478614623407727e-01 3.528458529350078088e-01 4.756062856026516128e-01
1.867552055589244697e-01 3.933115476927056542e-01 4.199332467483700149e-01
1.941781012332709500e-01 4.643932051382300696e-01 3.414286936284990359e-01
1.783803847307952606e-01 5.127108103843069919e-01 3.089088048848978030e-01
1.944484110796322884e-01 5.620966807744597338e-01 2.434549081459082553e-01
1.901249472046650513e-01 5.923070235024571195e-01 2.175680292928777737e-01
2.356151412009806212e-01 6.144070839140298723e-01 1.499777748849894787e-01
1.948290269283152187e-01 7.060493610597025071e-01 9.912161201198241289e-02
2.310426309023501656e-01 7.689573690976500009e-01 0.000000000000000000e+00
2.690500115273601889e-01 0.000000000000000000e+00 7.309499884726399221e-01
2.511422242498896895e-01 3.641604309422081381e-02 7.124417326558896146e-01
2.506802963057774836e-01 1.131670579529858722e-01 6.361526457412368663e-01
2.700843334992590328e-01 1.719442639805821293e-01 5.579714025201589767e-01
2.542941551648394416e-01 2.690099825787422572e-01 4.766958622564184678e-01
2.318430804583692384e-01 3.443165614569345667e-01 4.238403580846962226e-01
2.360080987267991204e-01 4.008257127877018489e-01 3.631661884854990308e-01
2.303878421893481854e-01 4.702521318693910768e-01 2.993600259412605991e-01
2.426099810363200326e-01 5.134539602872921771e-01 2.439360586763878458e-01
2.496438748239458993e-01 5.337028107799461907e-01 2.166533143961079655e-01
2.522782083019147192e-01 5.971774496926017806e-01 1.505443420054835280e-01
2.944716598467828628e-01 6.321407261926350607e-01 7.338761396058224307e-02
2.590557790472690636e-01 7.409442209527310474e-01 0.000000000000000000e+00
2.961819110283883671e-01 0.000000000000000000e+00 7.038180889716116884e-01
3.111100783729094932e-01 3.284010318115341415e-02 6.560498184459371274e-01
3.185761025466807839e-01 8.662101257682854050e-02 5.948028848764906895e-01
2.986269235138253597e-01 2.084903839256328217e-01 4.928826925605418463e-01
2.952921041187502316e-01 2.664192061585137772e-01 4.382886897227360468e-01
2.725523495054746337e-01 3.552056267191053274e-01 3.722420237754199834e-01
2.696854757115819679e-01 4.163062603771383041e-01 3.140082639112797835e-01
2.961809107338236879e-01 4.573704979427563599e-01 2.464485913234199521e-01
3.131492298763867144e-01 5.006137414510198891e-01 1.862370286725934521e-01
3.235704118052162848e-01 5.498642687369450499e-01 1.265653194578387764e-01
3.142409394240840426e-01 6.075525601846993862e-01 7.820650039121669617e-02
3.378775968193629131e-01 6.621224031806373089e-01 0.000000000000000000e+00
3.176033590514258931e-01 0.000000000000000000e+00 6.823966409485742179e-01
3.444869966188709998e-01 7.862459557617443306e-02 5.768884078049547615e-01
3.521773347213375538e-01 1.246120835722065029e-01 5.232105817064560682e-01
3.619164107883255377e-01 2.060736599641691813e-01 4.320099292475053088e-01
3.402191832102631208e-01 2.686960894111728448e-01 3.910847273785641454e-01
3.848191680240319879e-01 3.161837496035298511e-01 2.989970823724382165e-01
4.166012848605853414e-01 3.610263989873273571e-01 2.223723161520871072e-01
3.893757484989365802e-01 4.460213236505108370e-01 1.646029278505525828e-01
3.493267432979983989e-01 5.128359678613182426e-01 1.378372888406833308e-01
3.706375504907716278e-01 5.536554763396125400e-01 7.570697316961608192e-02
4.239237082295227443e-01 5.760762917704775887e-01 0.000000000000000000e+00
4.347805637703613391e-01 0.000000000000000000e+00 5.652194362296387720e-01
4.208976274072536161e-01 4.969892400527818610e-02 5.294034485874683504e-01
4.370951503156558227e-01 1.049316655263270170e-01 4.579731841580171325e-01
4.060993936247792035e-01 2.143329626273215993e-01 3.795676437478991416e-01
4.032583904452619605e-01 2.487671271969270625e-01 3.479744823578109214e-01
4.314553825309492829e-01 3.124450065421642830e-01 2.560996109268864895e-01
4.922947038478748261e-01 3.137183436085808075e-01 1.939869525435443942e-01
4.765766086075017283e-01 3.711928374494157801e-01 1.522305539430825472e-01
4.828171513000521498e-01 4.389437536947564666e-01 7.823909500519145299e-02
4.851026529310487057e-01 5.148973470689517384e-01 0.000000000000000000e+00
4.941670006232422585e-01 0.000000000000000000e+00 5.058329993767577415e-01
4.833372657652753590e-01 5.853916703256720894e-02 4.581235672021574667e-01
4.688265367318305565e-01 1.228757419633921266e-01 4.082977213047773724e-01
4.692728478428034311e-01 1.622710131492181573e-01 3.684561390079783560e-01
5.067658145601745545e-01 2.550609630896439328e-01 2.381732223501816792e-01
5.325445901864866993e-01 2.777206904816829081e-01 1.897347193318305592e-01
5.207406516038557420e-01 3.446649291567429607e-01 1.345944192394012973e-01
5.300955519343498734e-01 4.273865561714541017e-01 4.251789189419626080e-02
5.200949139511786834e-01 4.799050860488214831e-01 0.000000000000000000e+00
5.094664245036474304e-01 0.000000000000000000e+00 4.905335754963524586e-01
5.024313885185842654e-01 6.375814615101005334e-02 4.338104653304056813e-01
5.035428364027103587e-01 1.106844094952181834e-01 3.857727541020715689e-01
5.366359541852417925e-01 1.766409415465114430e-01 2.867231042682467645e-01
5.763310403691250805e-01 2.275516480499115979e-01 1.961173115809634326e-01
5.760404126361126087e-01 2.788034736890842580e-01 1.451561136748032443e-01
5.477201262022450834e-01 3.895503928025396134e-01 6.272948099521544196e-02
5.372674490449211859e-01 4.627325509550789251e-01 0.000000000000000000e+00
5.343553052097682610e-01 0.000000000000000000e+00 4.656446947902315725e-01
5.449649678566192978e-01 8.075321630251390548e-02 3.742818158408667273e-01
5.826499101957220983e-01 1.213547738326651720e-01 2.959953159716126048e-01
6.119106968795775536e-01 1.865378730500897864e-01 2.015514300703327710e-01
6.063496024541261686e-01 2.595938646882935963e-01 1.340565328575804849e-01
6.112706335860607076e-01 3.363688413616391926e-01 5.236052505230031490e-02
6.279921721613543895e-01 3.720078278386456105e-01 0.000000000000000000e+00
5.541973395104911049e-01 0.000000000000000000e+00 4.458026604895087841e-01
5.959729057116228690e-01 6.908393878826285528e-02 3.349431555001142202e-01
6.855452235056158639e-01 1.452048914701162263e-01 1.692498850242679376e-01
6.822854271856739761e-01 1.633720920029848589e-01 1.543424808113412205e-01
6.763385643368133859e-01 2.367507095638881065e-01 8.691072609929856307e-02
7.198298885910463518e-01 2.801701114089538147e-01 0.000000000000000000e+00
6.399455272727219146e-01 0.000000000000000000e+00 3.600544727272780299e-01
7.270474453686697203e-01 7.143293143336484907e-02 2.015196231979654307e-01
7.414226534628449716e-01 1.482405772673391908e-01 1.103367692698157959e-01
7.289339939016532544e-01 1.837719717536397124e-01 8.729403434470697776e-02
7.530057191173081810e-01 2.469942808826920688e-01 0.000000000000000000e+00
6.773992137069353436e-01 0.000000000000000000e+00 3.226007862930646009e-01
7.577066255515937376e-01 9.363244029642137090e-02 1.486609341519846972e-01
7.757720519897020051e-01 1.537641391672426028e-01 7.046380884305550318e-02
7.614392153490011639e-01 2.385607846509990027e-01 0.000000000000000000e+00
7.879405827438031862e-01 0.000000000000000000e+00 2.120594172561967583e-01
8.113497782378445988e-01 6.094365976507658267e-02 1.277065619970786936e-01
7.858601957956989903e-01 2.141398042043012317e-01 0.000000000000000000e+00
8.441010202114049843e-01 0.000000000000000000e+00 1.558989797885948492e-01
9.150873569201091184e-01 8.491264307989100646e-02 0.000000000000000000e+00
1.000000000000000000e+00 0.000000000000000000e+00 0.000000000000000000e+00
