0.000000000000000000e+00 0.000000000000000000e+00 1.000000000000000000e+00
0.000000000000000000e+00 7.674331591231041416e-02 9.232566840876896830e-01
0.000000000000000000e+00 1.292942702776929687e-01 8.707057297223069758e-01
0.000000000000000000e+00 1.834493971258796263e-01 8.165506028741204014e-01
0.000000000000000000e+00 2.439659830917662031e-01 7.560340169082336859e-01
0.000000000000000000e+00 3.170524071583794012e-01 6.829475928416205432e-01
0.000000000000000000e+00 3.583704293752281167e-01 6.416295706247717723e-01
0.000000000000000000e+00 4.200956707952704927e-01 5.799043292047294518e-01
0.000000000000000000e+00 4.885655526453105413e-01 5.114344473546894587e-01
0.000000000000000000e+00 5.789161845554761099e-01 4.210838154445240011e-01
0.000000000000000000e+00 6.422368637182946927e-01 3.577631362817054739e-01
0.000000000000000000e+00 6.655750760448887471e-01 3.344249239551111974e-01
0.000000000000000000e+00 7.526294510687219219e-01 2.473705489312779948e-01
0.000000000000000000e+00 8.103288555602893295e-01 1.896711444397105595e-01
0.000000000000000000e+00 8.716182009333778291e-01 1.283817990666222264e-01
0.000000000000000000e+00 9.376444444394134159e-01 6.235555556058666737e-02
0.000000000000000000e+00 1.000000000000000000e+00 0.000000000000000000e+00
8.173105003509117950e-02 0.000000000000000000e+00 9.182689499649088205e-01
6.907073484289374954e-02 6.416177241288052724e-02 8.667674927442259314e-01
7.073061264473863574e-02 1.236820803401045832e-01 8.055873070151567950e-01
5.902944636180439825e-02 1.926463646903480154e-01 7.483241889478474684e-01
6.522596079477907538e-02 2.437703783820105441e-01 6.910036608232104083e-01
5.172336223377434206e-02 3.150273529000709449e-01 6.332492848661546159e-01
3.826728985609510053e-02 3.943402107726488026e-01 5.673924993712560205e-01
6.631533837439131107e-02 4.309940121691324677e-01 5.026906494564763461e-01
5.831423080999013908e-02 5.081314797551227391e-01 4.335542894348871634e-01
5.774105076642790241e-02 5.538263123384666864e-01 3.884326368951054875e-01
7.031922183839919849e-02 6.227690980429901879e-01 3.069116801186106969e-01
5.879699368862201930e-02 6.861533131041449574e-01 2.550496932072331968e-01
5.713722675084924318e-02 7.684283225425866393e-01 1.744344507065641037e-01
5.036834814092491786e-02 8.219354102572900000e-01 1.276962416017850543e-01
3.765772852038722779e-02 8.738772632837132903e-01 8.846500819589958597e-02
6.461177852882996064e-02 9.353882214711699561e-01 0.000000000000000000e+00
1.631155678965479083e-01 0.000000000000000000e+00 8.368844321034519806e-01
1.268433020779410059e-01 4.884899755060100046e-02 8.243077003714578410e-01
1.314035350388662038e-01 1.110053246517936631e-01 7.575911403093402718e-01
1.293917160784145981e-01 2.021852711376975475e-01 6.684230127838879376e-01
1.197113624000288729e-01 2.611530408455714491e-01 6.191355967543996641e-01
1.319579556989983471e-01 3.022963493975664440e-01 5.657456949034350702e-01
1.278739383501943105e-01 3.808491284522517728e-01 4.912769331975539444e-01
1.231336331262103678e-01 4.406164945665047572e-01 4.362498723072849582e-01
1.213897017763254926e-01 5.063437654056134329e-01 3.722665328180611022e-01
1.337701675525878597e-01 5.488450341934990595e-01 3.173847982539129697e-01
1.331626203450272661e-01 6.223313513435717592e-01 2.445060283114008359e-01
1.232192025401221275e-01 6.948012556218030600e-01 1.819795418380750207e-01
1.144496807337544025e-01 7.529105557695074946e-01 1.326397634967380335e-01
1.253823239483999874e-01 7.965053933927557228e-01 7.811228265884431754e-02
1.107380655930276653e-01 8.892619344069723208e-01 0.000000000000000000e+00
2.061720981616309567e-01 0.000000000000000000e+00 7.938279018383689323e-01
1.853391903244881178e-01 5.197288909726127670e-02 7.626879205782507443e-01
1.914581676167797786e-01 1.183887468880831795e-01 6.901530854951372085e-01
1.950264814751029030e-01 1.804558250159127575e-01 6.245176935089843395e-01
1.908599244595821920e-01 2.368663839086918577e-01 5.722736916317260336e-01
1.953548088632810209e-01 3.018263437291757723e-01 5.028188474075432346e-01
1.984557112111581534e-01 3.752907435136447201e-01 4.262535452751970988e-01
1.947546828196771440e-01 4.223618168353688307e-01 3.828835003449539420e-01
2.024292570834008709e-01 4.767682003086574638e-01 3.208025426079417763e-01
2.030213914788973339e-01 5.562362265349021229e-01 2.407423819862004044e-01
1.879870241335174774e-01 6.354997272480213955e-01 1.765132486184609328e-01
1.826343112905896016e-01 6.905886053096810251e-01 1.267770833997293733e-01
1.861915446478968061e-01 7.481712251206473763e-01 6.563723023145583146e-02
1.690762886730493852e-01 8.309237113269506425e-01 0.000000000000000000e+00
2.441745388416539098e-01 0.000000000000000000e+00 7.558254611583459237e-01
2.359422659304549197e-01 6.258550277693247788e-02 7.014722312926126024e-01
2.532340918311853373e-01 1.370567705522811874e-01 6.097091376165336696e-01
2.319847080720457977e-01 1.914942333825684906e-01 5.765210585453858227e-01
2.466996563642079032e-01 2.496865287115377918e-01 5.036138149242542772e-01
2.736576794115161970e-01 3.126777334434416300e-01 4.136645871450421730e-01
2.485600984316215234e-01 3.767839474019203383e-01 3.746559541664581383e-01
2.315425753166470701e-01 4.350677332586220247e-01 3.333896914247307386e-01
2.644727634636828695e-01 4.776757395025370556e-01 2.578514970337801859e-01
2.473642024016131091e-01 5.369885528220944559e-01 2.156472447762924904e-01
2.490076520542309491e-01 6.252454472074473468e-01 1.257469007383216764e-01
2.310946547235792903e-01 7.105668571775535236e-01 5.833848809886725550e-02
2.594768516289140958e-01 7.405231483710861262e-01 0.000000000000000000e+00
3.022658810305030030e-01 0.000000000000000000e+00 6.977341189694968859e-01
3.127445799453619224e-01 6.629925492897950634e-02 6.209561651256586545e-01
3.028893188235388112e-01 1.350687327721911690e-01 5.620419484042701308e-01
3.082829910862806000e-01 1.989536442944295491e-01 4.927633646192898231e-01
3.214111195449550484e-01 2.419460856217579836e-01 4.366427948332870512e-01
3.110181620186489582e-01 3.292988426319483075e-01 3.596829953494028453e-01
3.053399635296469850e-01 3.877569922422055004e-01 3.069030442281475146e-01
3.339889319457212125e-01 4.355121292244925613e-01 2.304989388297861708e-01
3.047193665054952483e-01 5.000600622441875309e-01 1.952205712503173318e-01
2.929087783760553898e-01 5.684732339284603864e-01 1.386179876954841683e-01
2.999798675779415946e-01 6.411929913499442302e-01 5.882714107211416826e-02
3.274175881802201538e-01 6.725824118197799573e-01 0.000000000000000000e+00
3.829432583308008953e-01 0.000000000000000000e+00 6.170567416691992157e-01
3.698525642278652215e-01 5.848125124937396391e-02 5.716661845227608563e-01
3.710954821879425269e-01 1.335294181021668136e-01 4.953750997098907427e-01
3.912043320034145899e-01 1.897673929518668978e-01 4.190282750447185123e-01
3.805046385018724386e-01 2.602858871579431521e-01 3.592094743401845758e-01
3.679176487309928634e-01 3.135726002676165747e-01 3.185097510013906730e-01
3.712104070942393585e-01 3.905665051737443605e-01 2.382230877320164197e-01
3.605824199882716741e-01 4.512405698096442763e-01 1.881770102020841051e-01
3.895047601058402309e-01 4.980292958743863241e-01 1.124659440197735422e-01
3.731624401310947303e-01 5.615294706687821158e-01 6.530808920012320939e-02
3.917099362656427108e-01 6.082900637343574557e-01 0.000000000000000000e+00
4.403619089056210467e-01 0.000000000000000000e+00 5.596380910943791198e-01
4.277982909973638281e-01 6.012120775516380938e-02 5.120805012474723972e-01
4.395915329804352401e-01 1.111513963483281298e-01 4.492570706712367135e-01
4.464006136876699227e-01 1.977995617049104482e-01 3.557998246074198234e-01
4.493477837612774861e-01 2.416049697522089645e-01 3.090472464865135493e-01
4.358589670899132296e-01 3.276174388253032532e-01 2.365235940847833507e-01
4.173765138232140570e-01 3.884655180775725691e-01 1.941579680992133461e-01
4.423298370733023122e-01 4.403934250908649317e-01 1.172767378358327839e-01
4.505726537448745961e-01 4.911504893261749438e-01 5.827685692895049480e-02
4.292240485500634084e-01 5.707759514499366471e-01 0.000000000000000000e+00
5.090842973991640541e-01 0.000000000000000000e+00 4.909157026008360014e-01
5.130109890257835703e-01 4.918018242517886024e-02 4.378088285490376319e-01
5.025588718560924928e-01 1.076016010961645397e-01 3.898395270477428842e-01
5.213248232659579706e-01 1.710431676758188413e-01 3.076320090582230771e-01
4.963715417219433657e-01 2.434601296244928159e-01 2.601683286535638739e-01
5.110848670083500966e-01 3.052739708280817199e-01 1.836411621635681835e-01
4.880499396188430206e-01 3.808766175519656128e-01 1.310734428291914222e-01
4.972591526578181709e-01 4.374445907753351515e-01 6.529625656684673318e-02
4.751390572763956599e-01 5.248609427236045066e-01 0.000000000000000000e+00
5.626373784872220618e-01 0.000000000000000000e+00 4.373626215127779382e-01
5.740892572211333533e-01 4.748355989323249648e-02 3.784271828856342612e-01
5.700804480927466056e-01 1.072369157252231475e-01 3.226826361820301914e-01
5.665392464553103968e-01 1.926426990940627859e-01 2.408180544506269560e-01
5.708384731023959935e-01 2.427881754872137365e-01 1.863733514103904088e-01
5.441793973379493998e-01 3.289497049930366623e-01 1.268708976690138268e-01
5.414102827877738111e-01 3.951650722688907491e-01 6.342464494333546754e-02
5.421781105372623921e-01 4.578218894627376079e-01 0.000000000000000000e+00
6.290608196911112726e-01 0.000000000000000000e+00 3.709391803088886164e-01
6.301428532009782923e-01 5.653977175611984984e-02 3.133173750429018023e-01
6.071429287042211520e-01 1.299670638635854747e-01 2.628900074321934288e-01
6.115454061586305112e-01 1.788319600974899448e-01 2.096226337438796827e-01
6.218969744075912853e-01 2.459879049792313976e-01 1.321151206131772893e-01
6.397938625012357106e-01 3.198323789183212806e-01 4.037375858044277982e-02
6.104027606237117931e-01 3.895972393762881514e-01 0.000000000000000000e+00
6.993848188437724600e-01 0.000000000000000000e+00 3.006151811562273735e-01
7.018043888922170792e-01 5.246060885947344266e-02 2.457350022483092977e-01
6.981488773757329458e-01 1.318295708939199451e-01 1.700215517303472201e-01
6.886141821619654602e-01 1.872846902354529108e-01 1.241011276025815874e-01
6.832112777608931875e-01 2.627999219576790946e-01 5.398880028142751669e-02
6.916143925525264358e-01 3.083856074474735087e-01 0.000000000000000000e+00
7.523473014827969374e-01 0.000000000000000000e+00 2.476526985172031181e-01
7.457223143607797367e-01 7.514372269870184251e-02 1.791339629405184763e-01
7.418219787343599547e-01 1.437759932961797382e-01 1.144020279694603626e-01
7.343154403032279287e-01 1.997849631564869721e-01 6.589959654028540448e-02
7.597139659559032365e-01 2.402860340440966802e-01 0.000000000000000000e+00
8.017100125344516215e-01 0.000000000000000000e+00 1.982899874655483508e-01
7.961571231859974063e-01 6.148262449887000047e-02 1.423602523151324961e-01
8.098685905517989392e-01 1.250810383803289405e-01 6.505037106787212031e-02
8.050803969193993659e-01 1.949196030806007729e-01 0.000000000000000000e+00
8.650797901832747439e-01 0.000000000000000000e+00 1.349202098167254504e-01
8.998128892120653699e-01 4.311799293231238783e-02 5.706911785562217287e-02
8.784711058349677915e-01 1.215288941650323057e-01 0.000000000000000000e+00
9.450802801440932877e-01 0.000000000000000000e+00 5.491971985590667071e-02
9.601245137259986073e-01 3.987548627400139961e-02 0.000000000000000000e+00
1.000000000000000000e+00 0.000000000000000000e+00 0.000000000000000000e+00
