0.000000000000000000e+00 0.000000000000000000e+00 1.000000000000000000e+00
0.000000000000000000e+00 4.855164178053267970e-02 9.514483582194673827e-01
0.000000000000000000e+00 1.292331161073547730e-01 8.707668838926452270e-01
0.000000000000000000e+00 1.876678959529968216e-01 8.123321040470031784e-01
0.000000000000000000e+00 2.522151754835651460e-01 7.477848245164350205e-01
0.000000000000000000e+00 3.089527789156101267e-01 6.910472210843898733e-01
0.000000000000000000e+00 3.643350820217091113e-01 6.356649179782909442e-01
0.000000000000000000e+00 4.403465545030990080e-01 5.596534454969009920e-01
0.000000000000000000e+00 4.898936711538631195e-01 5.101063288461370471e-01
0.000000000000000000e+00 5.581906802095706333e-01 4.418093197904293112e-01
0.000000000000000000e+00 6.245690850908625080e-01 3.754309149091375475e-01
0.000000000000000000e+00 6.890945094715973385e-01 3.109054905284026060e-01
0.000000000000000000e+00 7.440480434937777332e-01 2.559519565062222668e-01
0.000000000000000000e+00 8.086081775728027887e-01 1.913918224271971003e-01
0.000000000000000000e+00 8.859473826182131528e-01 1.140526173817869998e-01
0.000000000000000000e+00 9.328266803485469882e-01 6.717331965145297012e-02
0.000000000000000000e+00 1.000000000000000000e+00 0.000000000000000000e+00
5.364046791217671334e-02 0.000000000000000000e+00 9.463595320878233075e-01
6.123074529711831915e-02 5.486832713643644693e-02 8.839009275664452270e-01
6.181161818354744680e-02 1.252007711607565077e-01 8.129876106556960247e-01
6.271751064255561003e-02 1.859494361598454104e-01 7.513330531975989102e-01
5.283278603521895933e-02 2.618837798296052566e-01 6.852834341351758951e-01
5.539449083023552378e-02 3.194500219344426073e-01 6.251554872353219938e-01
4.997011193454384964e-02 3.732595090039120822e-01 5.767703790615439363e-01
6.959963663773489906e-02 4.311357059344993470e-01 4.992646574277657678e-01
6.207975290813984304e-02 5.025977154434547733e-01 4.353225316484052865e-01
6.258266875130041873e-02 5.624815300198181545e-01 3.749358012288813713e-01
6.895415734115194206e-02 6.245499108511392006e-01 3.064959318077087880e-01
6.627342857910038798e-02 6.808220564477772685e-01 2.529045149731222186e-01
6.278375969640200005e-02 7.509279016928910311e-01 1.862883386107070105e-01
5.639561927369828032e-02 8.127154823714335397e-01 1.308888983548681939e-01
5.794979390078651427e-02 8.777601696654429020e-01 6.429003643377070865e-02
6.643796439661320274e-02 9.335620356033867973e-01 0.000000000000000000e+00
1.245490296391228852e-01 0.000000000000000000e+00 8.754509703608769344e-01
1.258989964074503087e-01 6.653793481173865543e-02 8.075630687808110775e-01
1.239898259257619928e-01 1.245136023734577796e-01 7.514965717007801027e-01
1.196334328743547948e-01 1.921077608565501249e-01 6.882588062690950803e-01
1.257425600078247718e-01 2.422851262896931201e-01 6.319723137024819692e-01
1.258686244308152846e-01 3.127606569963929384e-01 5.613707185727918603e-01
1.202793370044065169e-01 3.801813791713957169e-01 4.995392838241978217e-01
1.256450943373580986e-01 4.447709967366129113e-01 4.295839089260289345e-01
1.265676912987180880e-01 4.971621272641085776e-01 3.762701814371732234e-01
1.236209790481831300e-01 5.688534074626828696e-01 3.075256134891340420e-01
1.282560149400993887e-01 6.285281152351318568e-01 2.432158698247685880e-01
1.269563943250698324e-01 6.858133680816536071e-01 1.872302375932766716e-01
1.163679305721329188e-01 7.539873366485232431e-01 1.296447327793438242e-01
1.247917328373632229e-01 8.123214052723851664e-01 6.288686189025156914e-02
1.168980806146071860e-01 8.831019193853926197e-01 0.000000000000000000e+00
1.875000000000000000e-01 0.000000000000000000e+00 8.125000000000000000e-01
1.963869090652565208e-01 5.823381522098896451e-02 7.453792757137545077e-01
1.922262074042607460e-01 1.275749834081505718e-01 6.801988091875884601e-01
1.846950789977718776e-01 1.924456935383040967e-01 6.228592274639240811e-01
1.869205495873967338e-01 2.411359241742145887e-01 5.719435262383886220e-01
1.824442739224822752e-01 3.142451163374711531e-01 5.033106097400465995e-01
1.884397250203464491e-01 3.681122887513733621e-01 4.434479862282801887e-01
1.916085175994380607e-01 4.363874763580028460e-01 3.720040060425590656e-01
1.899517159765829188e-01 5.035473514372109660e-01 3.065009325862061429e-01
1.828870573569923996e-01 5.657613771435167083e-01 2.513515654994908921e-01
1.825417802205913098e-01 6.250594616821594229e-01 1.923987580972493228e-01
1.936432840157986945e-01 6.870797472034171349e-01 1.192769687807841289e-01
1.951174658009376117e-01 7.392612002672837024e-01 6.562133393177875529e-02
1.892247275410596508e-01 8.107752724589404325e-01 0.000000000000000000e+00
2.584523323003876105e-01 0.000000000000000000e+00 7.415476676996124450e-01
2.500000000000000000e-01 6.250000000000000000e-02 6.875000000000000000e-01
2.535699945915428355e-01 1.210440053964971646e-01 6.253860000119600970e-01
2.408169985475501484e-01 1.963958843430571310e-01 5.627871171093928870e-01
2.476241134383178333e-01 2.567353243565326792e-01 4.956405622051494597e-01
2.497975261745741804e-01 3.081526367183730075e-01 4.420498371070528121e-01
2.537456354619319621e-01 3.684923291189537986e-01 3.777620354191143504e-01
2.500000000000000000e-01 4.375000000000000000e-01 3.125000000000000000e-01
2.520028638169021784e-01 4.919621245739935200e-01 2.560350116091043571e-01
2.534074443201025373e-01 5.583522578422528415e-01 1.882402978376445379e-01
2.500000000000000000e-01 6.250000000000000000e-01 1.250000000000000000e-01
2.583601109320123324e-01 6.789978698747315411e-01 6.264201919325618206e-02
2.557071037206544162e-01 7.442928962793455838e-01 0.000000000000000000e+00
3.234619107866549270e-01 0.000000000000000000e+00 6.765380892133451285e-01
3.081689823721582844e-01 6.370506525743249715e-02 6.281259523704092462e-01
3.146363054164530437e-01 1.220107376272786537e-01 5.633529569562683026e-01
3.125000000000000000e-01 1.875000000000000000e-01 5.000000000000000000e-01
3.141398425214448342e-01 2.459655103225184825e-01 4.398946471560367111e-01
3.086188709249119699e-01 3.088546149845796673e-01 3.825265140905085848e-01
3.125000000000000000e-01 3.750000000000000000e-01 3.125000000000000000e-01
3.064376807492171784e-01 4.331526496211642319e-01 2.604096696296185898e-01
3.085476484043875867e-01 4.980338050585668697e-01 1.934185465370454882e-01
3.134915208573427758e-01 5.606713404383313337e-01 1.258371387043258349e-01
3.125000000000000000e-01 6.250000000000000000e-01 6.250000000000000000e-02
3.167578607966672899e-01 6.832421392033326546e-01 0.000000000000000000e+00
3.805319520061293259e-01 0.000000000000000000e+00 6.194680479938706741e-01
3.772952568406447993e-01 6.390736627728899055e-02 5.587973768820663212e-01
3.701855177826148813e-01 1.212894028047556000e-01 5.085250794126295881e-01
3.687126099096734722e-01 1.916591648223698319e-01 4.396282252679569180e-01
3.703490394213969639e-01 2.511556168943797074e-01 3.784953436842233288e-01
3.795532885867219375e-01 3.038943641364098003e-01 3.165523472768681512e-01
3.781298527675291954e-01 3.654937156942393850e-01 2.563764315382313641e-01
3.753602876005014966e-01 4.383014493448239013e-01 1.863382630546745744e-01
3.750000000000000000e-01 5.000000000000000000e-01 1.250000000000000000e-01
3.742798252846309959e-01 5.628535002790486796e-01 6.286667443632036612e-02
3.780885933953611056e-01 6.219114066046389500e-01 0.000000000000000000e+00
4.369293468887857079e-01 0.000000000000000000e+00 5.630706531112144031e-01
4.421837339564803071e-01 6.017722958073236372e-02 4.976390364627872875e-01
4.366660806484186086e-01 1.268978069111452445e-01 4.364361124404361192e-01
4.335155722797273126e-01 1.899919514199633619e-01 3.764924763003094088e-01
4.389978737087965599e-01 2.501053113983077170e-01 3.108968148928957231e-01
4.391658373509968460e-01 3.113401893377767404e-01 2.494939733112263025e-01
4.398078456401781633e-01 3.760726863255227648e-01 1.841194680342990164e-01
4.356290500096272056e-01 4.375103804380822692e-01 1.268605695522905530e-01
4.383266311835911644e-01 5.004383339386522245e-01 6.123503487775666665e-02
4.410304834863881251e-01 5.589695165136120414e-01 0.000000000000000000e+00
4.842426581111253237e-01 0.000000000000000000e+00 5.157573418888746763e-01
5.018797529913947564e-01 5.419522395674301191e-02 4.439250230518622109e-01
5.021229395386117567e-01 1.304396913059251428e-01 3.674373691554631005e-01
4.947907508638329510e-01 1.904633970396696352e-01 3.147458520964972473e-01
5.008505769835046584e-01 2.573229472974926102e-01 2.418264757190028424e-01
5.014844795869984884e-01 3.099704953201640745e-01 1.885450250928375482e-01
4.987163529701454379e-01 3.774067226821494758e-01 1.238769243477049753e-01
5.074062693835259541e-01 4.351137242589756537e-01 5.748000635749835052e-02
4.954172842512074570e-01 5.045827157487928760e-01 0.000000000000000000e+00
5.711968965503796403e-01 0.000000000000000000e+00 4.288031034496203042e-01
5.587381201127956665e-01 5.430242183235185066e-02 3.869594580548524343e-01
5.579529698476363153e-01 1.215306763686730407e-01 3.205163537836905330e-01
5.649352474267390622e-01 1.935252253367518716e-01 2.415395272365092050e-01
5.643016728364830259e-01 2.502726830646976874e-01 1.854256440988191756e-01
5.653370917699859222e-01 3.073983716542487699e-01 1.272645365757654190e-01
5.571306766630983454e-01 3.744946163765640046e-01 6.837470696033777495e-02
5.636000748614162781e-01 4.363999251385837774e-01 0.000000000000000000e+00
6.242595989496335651e-01 0.000000000000000000e+00 3.757404010503664904e-01
6.251444209714042133e-01 6.056016221818866230e-02 3.142954168104070689e-01
6.246282072986044653e-01 1.248369085162147479e-01 2.505348841851806063e-01
6.199825987973267560e-01 1.910291258240102152e-01 1.889882753786630287e-01
6.229337083044197421e-01 2.491083107075550140e-01 1.279579809880252994e-01
6.227667010448846296e-01 3.129204651667525372e-01 6.431283378836280540e-02
6.169638256162101042e-01 3.830361743837898958e-01 0.000000000000000000e+00
6.920699005754821220e-01 0.000000000000000000e+00 3.079300994245178780e-01
6.902881112910791428e-01 5.669886733499449050e-02 2.530130213739263390e-01
6.857640468094081676e-01 1.205445607591305868e-01 1.936913924314611624e-01
6.838209216928755607e-01 1.911041817164746137e-01 1.250748965906498256e-01
6.898002727841382464e-01 2.523959628895885432e-01 5.780376432627327976e-02
6.818491499020858937e-01 3.181508500979142173e-01 0.000000000000000000e+00
7.561422633292785855e-01 0.000000000000000000e+00 2.438577366707214700e-01
7.504253102753801752e-01 6.348534722657264706e-02 1.860893424980472333e-01
7.505578312322319645e-01 1.250829189278178932e-01 1.243592498399502116e-01
7.519387506769649177e-01 1.818284217101679423e-01 6.623282761286711229e-02
7.411751101269806741e-01 2.588248898730195480e-01 0.000000000000000000e+00
8.096873894786621451e-01 0.000000000000000000e+00 1.903126105213376329e-01
8.072718216350313059e-01 5.734377260276234817e-02 1.353844057622062558e-01
8.166601157887796170e-01 1.220982485188521899e-01 6.124163569236804744e-02
8.135157923031752780e-01 1.864842076968247220e-01 0.000000000000000000e+00
8.768386302597492854e-01 0.000000000000000000e+00 1.231613697402506730e-01
8.707601440991183939e-01 7.189289680951428674e-02 5.734695909136729164e-02
8.664121699782810770e-01 1.335878300217187842e-01 0.000000000000000000e+00
9.417254082844696006e-01 0.000000000000000000e+00 5.827459171553035777e-02
9.373636773685279922e-01 6.263632263147203560e-02 0.000000000000000000e+00
1.000000000000000000e+00 0.000000000000000000e+00 0.000000000000000000e+00
