0.000000000000000000e+00 0.000000000000000000e+00 1.000000000000000000e+00
0.000000000000000000e+00 9.049148057832849534e-02 9.095085194216715463e-01
0.000000000000000000e+00 4.730165499002071949e-01 5.269834500997927496e-01
0.000000000000000000e+00 5.576092178287774814e-01 4.423907821712224075e-01
0.000000000000000000e+00 7.892049079013161439e-01 2.107950920986837451e-01
0.000000000000000000e+00 1.000000000000000000e+00 0.000000000000000000e+00
5.633325886964150875e-02 0.000000000000000000e+00 9.436667411303584219e-01
1.422344800860496916e-01 2.084742656710955322e-01 6.492912542428548317e-01
2.448052353769984424e-01 3.440397995975200685e-01 4.111549650254815447e-01
3.110539415521157980e-01 5.103310968602428055e-01 1.786149615876414798e-01
1.340272963543712725e-01 8.659727036456288385e-01 0.000000000000000000e+00
2.839028352824194412e-01 0.000000000000000000e+00 7.160971647175805588e-01
3.049365130211771358e-01 2.211468214893689277e-01 4.739166654894541031e-01
3.952180230707643127e-01 3.180686853416616611e-01 2.867132915875740817e-01
3.402787311541606297e-01 6.597212688458393703e-01 0.000000000000000000e+00
6.935149020287256771e-01 0.000000000000000000e+00 3.064850979712743229e-01
6.012645084185336275e-01 1.971951404202109126e-01 2.015403511612555432e-01
7.293529638657234582e-01 2.706470361342766529e-01 0.000000000000000000e+00
8.524902504510805112e-01 0.000000000000000000e+00 1.475097495489197108e-01
7.766720817531157506e-01 2.233279182468842772e-01 0.000000000000000000e+00
1.000000000000000000e+00 0.000000000000000000e+00 0.000000000000000000e+00
