0.000000000000000000e+00 0.000000000000000000e+00 1.000000000000000000e+00
0.000000000000000000e+00 1.940421168579289923e-01 8.059578831420710632e-01
0.000000000000000000e+00 3.937594167957472746e-01 6.062405832042526699e-01
0.000000000000000000e+00 5.999999999999999778e-01 4.000000000000000222e-01
0.000000000000000000e+00 8.000000000000000444e-01 2.000000000000000111e-01
0.000000000000000000e+00 1.000000000000000000e+00 0.000000000000000000e+00
2.043562130214271744e-01 0.000000000000000000e+00 7.956437869785728534e-01
2.000000000000000111e-01 2.000000000000000111e-01 5.999999999999999778e-01
2.000000000000000111e-01 4.000000000000000222e-01 4.000000000000000222e-01
2.000000000000000111e-01 5.999999999999999778e-01 2.000000000000000111e-01
1.954084874467984512e-01 8.045915125532016043e-01 0.000000000000000000e+00
4.005960727456026604e-01 0.000000000000000000e+00 5.994039272543973951e-01
4.074443737690703893e-01 1.872272675763592131e-01 4.053283586545705086e-01
4.007432944281557052e-01 4.037036759883205206e-01 1.955530295835237187e-01
3.518824607091880496e-01 6.481175392908120614e-01 0.000000000000000000e+00
5.999999999999999778e-01 0.000000000000000000e+00 4.000000000000000222e-01
5.999999999999999778e-01 2.000000000000000111e-01 2.000000000000000111e-01
6.289189251308284767e-01 3.710810748691715233e-01 0.000000000000000000e+00
7.838387681672996932e-01 0.000000000000000000e+00 2.161612318327002791e-01
7.704969651201513114e-01 2.295030348798487441e-01 0.000000000000000000e+00
1.000000000000000000e+00 0.000000000000000000e+00 0.000000000000000000e+00
