0.000000000000000000e+00 0.000000000000000000e+00 1.000000000000000000e+00
0.000000000000000000e+00 1.955834954125821312e-01 8.044165045874179798e-01
0.000000000000000000e+00 4.039519479881483743e-01 5.960480520118515146e-01
0.000000000000000000e+00 5.425121737721640969e-01 4.574878262278357921e-01
0.000000000000000000e+00 6.644735397329026849e-01 3.355264602670973706e-01
0.000000000000000000e+00 1.000000000000000000e+00 0.000000000000000000e+00
1.486632794198730345e-01 0.000000000000000000e+00 8.513367205801271043e-01
1.919778694811533903e-01 1.957170888667290054e-01 6.123050416521176320e-01
1.929258861391323632e-01 3.850083869209852683e-01 4.220657269398823130e-01
1.798724477032488667e-01 5.898092438486238764e-01 2.303183084481272569e-01
2.095458086932782960e-01 7.904541913067217873e-01 0.000000000000000000e+00
4.000000000000000222e-01 0.000000000000000000e+00 5.999999999999999778e-01
4.722178728029501893e-01 1.312914038827708019e-01 3.964907233142790921e-01
3.679474412578506159e-01 3.922284672378876236e-01 2.398240915042617882e-01
3.903506685412850286e-01 6.096493314587150270e-01 0.000000000000000000e+00
5.935175669549614952e-01 0.000000000000000000e+00 4.064824330450386158e-01
6.074683571106448410e-01 1.741023212524115404e-01 2.184293216369434798e-01
5.517603915209039478e-01 4.482396084790962187e-01 0.000000000000000000e+00
8.181441950763885806e-01 0.000000000000000000e+00 1.818558049236115304e-01
7.748887525753023198e-01 2.251112474246975692e-01 0.000000000000000000e+00
1.000000000000000000e+00 0.000000000000000000e+00 0.000000000000000000e+00
