0.000000000000000000e+00 0.000000000000000000e+00 1.000000000000000000e+00
0.000000000000000000e+00 2.714338181864766053e-01 7.285661818135235057e-01
0.000000000000000000e+00 3.929178533066877144e-01 6.070821466933122856e-01
0.000000000000000000e+00 5.287886408213529066e-01 4.712113591786471489e-01
0.000000000000000000e+00 8.230752258393527754e-01 1.769247741606473356e-01
0.000000000000000000e+00 1.000000000000000000e+00 0.000000000000000000e+00
2.324185076934085492e-01 0.000000000000000000e+00 7.675814923065914508e-01
2.943348242389324798e-01 1.199315834118256513e-01 5.857335923492419383e-01
1.034126089059783232e-01 4.502813519578675594e-01 4.463060391361542423e-01
2.438201848138963623e-01 5.161094803348631466e-01 2.400703348512404078e-01
9.833960224234467029e-02 9.016603977576551632e-01 0.000000000000000000e+00
5.316384480889013719e-01 0.000000000000000000e+00 4.683615519110986836e-01
3.369127417988408424e-01 2.543731414883408926e-01 4.087141167128183206e-01
3.878764644427077357e-01 3.565942638961352440e-01 2.555292716611570758e-01
4.005794701751396181e-01 5.994205298248602709e-01 0.000000000000000000e+00
6.003626856584669547e-01 0.000000000000000000e+00 3.996373143415331008e-01
5.710071807407262057e-01 2.597405285359548066e-01 1.692522907233188767e-01
6.422391237351983140e-01 3.577608762648016305e-01 0.000000000000000000e+00
8.028175833350525981e-01 0.000000000000000000e+00 1.971824166649473464e-01
8.060769719944347322e-01 1.939230280055652123e-01 0.000000000000000000e+00
1.000000000000000000e+00 0.000000000000000000e+00 0.000000000000000000e+00
