5.444665782197483095e-02 5.444665782197483095e-02 8.911066843560504491e-01
5.444665782197483095e-02 2.636116644554936661e-01 6.819416777225315585e-01
5.444665782197483095e-02 4.727766710890125568e-01 4.727766710890125568e-01
5.444665782197483095e-02 6.819416777225315585e-01 2.636116644554936661e-01
5.444665782197483095e-02 8.911066843560504491e-01 5.444665782197483095e-02
2.636116644554936661e-01 5.444665782197483095e-02 6.819416777225315585e-01
2.636116644554936661e-01 2.636116644554936661e-01 4.727766710890125568e-01
2.636116644554936661e-01 4.727766710890125568e-01 2.636116644554936661e-01
2.636116644554936661e-01 6.819416777225315585e-01 5.444665782197483095e-02
4.727766710890125568e-01 5.444665782197483095e-02 4.727766710890125568e-01
4.727766710890125568e-01 2.636116644554936661e-01 2.636116644554936661e-01
4.727766710890125568e-01 4.727766710890125568e-01 5.444665782197483095e-02
6.819416777225315585e-01 5.444665782197483095e-02 2.636116644554936661e-01
6.819416777225315585e-01 2.636116644554936661e-01 5.444665782197483095e-02
8.911066843560504491e-01 5.444665782197483095e-02 5.444665782197483095e-02
