1.710556731649542916e-02 1.710556731649542916e-02 9.657888653670092527e-01
1.710556731649542916e-02 2.542763918291238712e-01 7.286180408543807552e-01
1.710556731649542916e-02 4.914472163417522577e-01 4.914472163417522577e-01
1.710556731649542916e-02 7.286180408543807552e-01 2.542763918291238712e-01
1.710556731649542916e-02 9.657888653670092527e-01 1.710556731649542916e-02
2.542763918291238712e-01 1.710556731649542916e-02 7.286180408543807552e-01
2.542763918291238712e-01 2.542763918291238712e-01 4.914472163417522577e-01
2.542763918291238712e-01 4.914472163417522577e-01 2.542763918291238712e-01
2.542763918291238712e-01 7.286180408543807552e-01 1.710556731649542916e-02
4.914472163417522577e-01 1.710556731649542916e-02 4.914472163417522577e-01
4.914472163417522577e-01 2.542763918291238712e-01 2.542763918291238712e-01
4.914472163417522577e-01 4.914472163417522577e-01 1.710556731649542916e-02
7.286180408543807552e-01 1.710556731649542916e-02 2.542763918291238712e-01
7.286180408543807552e-01 2.542763918291238712e-01 1.710556731649542916e-02
9.657888653670092527e-01 1.710556731649542916e-02 1.710556731649542916e-02
