0.000000000000000000e+00 0.000000000000000000e+00 1.000000000000000000e+00
0.000000000000000000e+00 1.087318271614273330e-01 8.912681728385729585e-01
0.000000000000000000e+00 2.312891727653108298e-01 7.687108272346895310e-01
0.000000000000000000e+00 3.775962481565153794e-01 6.224037518434847316e-01
0.000000000000000000e+00 4.328157218456385458e-01 5.671842781543614542e-01
0.000000000000000000e+00 5.217611401434795182e-01 4.782388598565205928e-01
0.000000000000000000e+00 5.324204565332955053e-01 4.675795434667045503e-01
0.000000000000000000e+00 5.996135453174566976e-01 4.003864546825433579e-01
0.000000000000000000e+00 6.804170790883372621e-01 3.195829209116628489e-01
0.000000000000000000e+00 9.020822482352917060e-01 9.791775176470825237e-02
0.000000000000000000e+00 1.000000000000000000e+00 0.000000000000000000e+00
7.612866887937597138e-02 0.000000000000000000e+00 9.238713311206241396e-01
1.322434307881346360e-01 6.798675112337702886e-02 7.997698180884884600e-01
6.795215966651807493e-02 2.493056923010522063e-01 6.827421480324298297e-01
7.421404653650365280e-02 2.752265429812936204e-01 6.505594104822028934e-01
6.929246397392069268e-02 3.962549424844074020e-01 5.344525935416721829e-01
1.081760361495363448e-01 4.550644806224170558e-01 4.367594832280466410e-01
1.616652712960199301e-01 5.097157837870012198e-01 3.286189449169787946e-01
7.260512067420983595e-02 6.229224596966302929e-01 3.044724196291600515e-01
1.330344663232429780e-01 7.901993547400241180e-01 7.676617893673301496e-02
5.131797962411478731e-02 9.486820203758851155e-01 0.000000000000000000e+00
2.266271298708218973e-01 0.000000000000000000e+00 7.733728701291779917e-01
1.855827894083790508e-01 1.318848724887541346e-01 6.825323381028669534e-01
1.068706459531181402e-01 2.330875937771626771e-01 6.600417602697192798e-01
1.534677023983737065e-01 3.202811825454225936e-01 5.262511150562038109e-01
2.363282431215504853e-01 3.575996990029940426e-01 4.060720578754555832e-01
2.274115280510216885e-01 4.442706796987043738e-01 3.283177922502739099e-01
2.242003007395881875e-01 5.842308200653989481e-01 1.915688791950130310e-01
1.765718208469836403e-01 6.844967855133137213e-01 1.389313936397028326e-01
1.194393222741099436e-01 8.805606777258898621e-01 0.000000000000000000e+00
3.246154899228247404e-01 0.000000000000000000e+00 6.753845100771751486e-01
3.546516379230781335e-01 1.004491527865370853e-01 5.448992092903848228e-01
3.667077534493062840e-01 1.219189100234133460e-01 5.113733365272804532e-01
3.255397056865483862e-01 2.660471789251250829e-01 4.084131153883266974e-01
2.699479327824904074e-01 3.422492524318274665e-01 3.878028147856821817e-01
3.206371932772111299e-01 4.690452542219752941e-01 2.103175525008136870e-01
3.249418282398482960e-01 5.799514965798253652e-01 9.510667518032631107e-02
2.535646852703739018e-01 7.464353147296258761e-01 0.000000000000000000e+00
4.512516922901421701e-01 0.000000000000000000e+00 5.487483077098578299e-01
4.148820609119163172e-01 7.907356723428335399e-02 5.060443718538002456e-01
4.386665125199443738e-01 1.809754927039087247e-01 3.803579947761469571e-01
3.641367271397558669e-01 2.733975594883629179e-01 3.624657133718813817e-01
3.682778217138813481e-01 4.012356142336007681e-01 2.304865640525179671e-01
3.814828705080833271e-01 5.440073779041831870e-01 7.450975158773355533e-02
3.827696861365506020e-01 6.172303138634492869e-01 0.000000000000000000e+00
4.686773592788479603e-01 0.000000000000000000e+00 5.313226407211519842e-01
4.948119723966448169e-01 1.448828489297208644e-01 3.603051786736344297e-01
4.766585680109586276e-01 2.221246764854233058e-01 3.012167555036180944e-01
4.555012765809737241e-01 2.593974542398452821e-01 2.851012691791811049e-01
4.915042330789944347e-01 4.185292545086453653e-01 8.996651241236020002e-02
4.515821841574604312e-01 5.484178158425394578e-01 0.000000000000000000e+00
5.677185623469299669e-01 0.000000000000000000e+00 4.322814376530701996e-01
6.001256589492759419e-01 1.534905948328482983e-01 2.463837462178760096e-01
6.076201513009746868e-01 1.753477637663465871e-01 2.170320849326788371e-01
6.351969981023030121e-01 2.589657890069891333e-01 1.058372128907078547e-01
4.965575656427499429e-01 5.034424343572500016e-01 0.000000000000000000e+00
6.565810584586991849e-01 0.000000000000000000e+00 3.434189415413008151e-01
7.617317527760812945e-01 1.084774016182188661e-01 1.297908456056999782e-01
7.053082023708168169e-01 1.997896565649665834e-01 9.490214106421665519e-02
6.112927689996887626e-01 3.887072310003111264e-01 0.000000000000000000e+00
7.675565429979731569e-01 0.000000000000000000e+00 2.324434570020269542e-01
7.691705610590072739e-01 9.452894293226382638e-02 1.363004960087290385e-01
7.180962280032550105e-01 2.819037719967449895e-01 0.000000000000000000e+00
8.593950556291366505e-01 0.000000000000000000e+00 1.406049443708634605e-01
8.365703685803929091e-01 1.634296314196069522e-01 0.000000000000000000e+00
1.000000000000000000e+00 0.000000000000000000e+00 0.000000000000000000e+00
