0.000000000000000000e+00 0.000000000000000000e+00 1.000000000000000000e+00
0.000000000000000000e+00 5.042316109945946950e-02 9.495768389005404542e-01
0.000000000000000000e+00 2.058089171372352311e-01 7.941910828627647412e-01
0.000000000000000000e+00 3.052725379552279628e-01 6.947274620447719817e-01
0.000000000000000000e+00 3.990745831184640546e-01 6.009254168815358899e-01
0.000000000000000000e+00 4.696228031267279945e-01 5.303771968732721165e-01
0.000000000000000000e+00 5.497523498959745458e-01 4.502476501040256207e-01
0.000000000000000000e+00 6.705461313375743471e-01 3.294538686624258195e-01
0.000000000000000000e+00 7.917892829439132640e-01 2.082107170560868192e-01
0.000000000000000000e+00 8.420423212209214858e-01 1.579576787790785697e-01
0.000000000000000000e+00 1.000000000000000000e+00 0.000000000000000000e+00
5.879531165743778764e-02 0.000000000000000000e+00 9.412046883425622124e-01
6.910087788264719644e-02 7.902852538414498196e-02 8.518705967332078632e-01
1.104508817211749955e-01 1.881477218057322764e-01 7.014013964730927420e-01
1.285850336604847655e-01 3.052554879808093702e-01 5.661594783587056146e-01
7.945302636652019912e-02 4.353745154980597221e-01 4.851724581354200927e-01
1.016885445786472886e-01 5.057308286130371977e-01 3.925806268083156247e-01
1.114486137467670529e-01 6.033673834691436477e-01 2.851840027840892855e-01
1.189580335193566873e-01 6.943820644965450484e-01 1.866599019840983475e-01
5.196479777353205792e-02 8.002305616788042419e-01 1.478046405476636793e-01
6.629442981824576475e-02 9.337055701817543740e-01 0.000000000000000000e+00
1.602659300439226719e-01 0.000000000000000000e+00 8.397340699560774668e-01
1.984725513489575544e-01 1.074860498314586105e-01 6.940413988195840433e-01
2.020642782300187124e-01 1.902114912578933004e-01 6.077242305120880150e-01
2.262378058828801441e-01 3.163829165128937970e-01 4.573792776042260311e-01
1.704261995307785604e-01 3.853742574204481186e-01 4.441995430487734042e-01
2.523132902694745772e-01 4.934617067666140500e-01 2.542250029639113729e-01
1.734262400657962111e-01 6.215787463012982794e-01 2.049950136329055095e-01
1.866768397079275610e-01 7.184704044841655479e-01 9.485275580790697436e-02
1.422274185284421455e-01 8.577725814715578823e-01 0.000000000000000000e+00
2.217479284368455983e-01 0.000000000000000000e+00 7.782520715631544572e-01
2.704754552154089442e-01 9.967634100147283738e-02 6.298482037831182323e-01
3.106823662999210200e-01 2.090277621988995971e-01 4.802898715011793551e-01
3.205481975092449032e-01 2.996861760097138117e-01 3.797656264810413962e-01
3.005591985681208000e-01 3.911556920158322237e-01 3.082851094160470318e-01
3.084233952109602384e-01 4.937898552363453319e-01 1.977867495526945407e-01
2.371725918179689863e-01 6.458134751473968427e-01 1.170139330346342821e-01
2.721927267260987326e-01 7.278072732739012674e-01 0.000000000000000000e+00
3.464990170558018279e-01 0.000000000000000000e+00 6.535009829441982276e-01
4.021565300724280756e-01 6.790087245283465966e-02 5.299425974747372647e-01
4.012201718789642491e-01 2.441403157315698846e-01 3.546395123894659496e-01
4.096930966724611212e-01 3.414522039880071858e-01 2.488546993395316376e-01
3.595850672920417046e-01 4.577277827275899602e-01 1.826871499803683629e-01
4.131740840063478637e-01 5.015368840691208918e-01 8.528903192453136939e-02
3.806828043389739458e-01 6.193171956610257212e-01 0.000000000000000000e+00
5.041814138243153609e-01 0.000000000000000000e+00 4.958185861756847501e-01
4.435017297163133532e-01 1.238012986194395731e-01 4.326969716642471431e-01
4.921887500824928541e-01 2.333959884654364658e-01 2.744152614520708466e-01
5.324488201342931770e-01 3.304305752272176377e-01 1.371206046384891852e-01
5.284543917639952237e-01 3.828864540710678610e-01 8.865915416493685974e-02
5.296870558469245482e-01 4.703129441530753407e-01 0.000000000000000000e+00
6.763361340183818848e-01 0.000000000000000000e+00 3.236638659816184482e-01
6.118864976924185406e-01 9.735268319735597420e-02 2.907608191102256101e-01
6.247406316048469410e-01 1.731800005317051527e-01 2.020793678634477675e-01
6.322608029558723919e-01 3.070095130778343062e-01 6.072968396629323945e-02
5.980085770857384020e-01 4.019914229142614870e-01 0.000000000000000000e+00
7.370403422754634448e-01 0.000000000000000000e+00 2.629596577245366662e-01
6.989030350460539998e-01 1.345369220587534498e-01 1.665600428951926060e-01
6.911205666949398196e-01 2.130530282321737023e-01 9.582640507288639475e-02
7.128921533073537820e-01 2.871078466926464401e-01 0.000000000000000000e+00
8.246909706478782187e-01 0.000000000000000000e+00 1.753090293521217535e-01
7.947777440624670398e-01 1.044403552806058011e-01 1.007819006569271869e-01
8.229390350088894301e-01 1.770609649911104588e-01 0.000000000000000000e+00
8.510602525076624847e-01 0.000000000000000000e+00 1.489397474923375986e-01
8.486598202805906155e-01 1.513401797194092180e-01 0.000000000000000000e+00
1.000000000000000000e+00 0.000000000000000000e+00 0.000000000000000000e+00
