0.000000000000000000e+00 0.000000000000000000e+00 1.000000000000000000e+00
0.000000000000000000e+00 1.058258627562998627e-01 8.941741372437002067e-01
0.000000000000000000e+00 2.033406425334740586e-01 7.966593574665259414e-01
0.000000000000000000e+00 2.776106795810713845e-01 7.223893204189284489e-01
0.000000000000000000e+00 4.096350667823381309e-01 5.903649332176620357e-01
0.000000000000000000e+00 5.007471770493781005e-01 4.992528229506220661e-01
0.000000000000000000e+00 6.045007958573731521e-01 3.954992041426268479e-01
0.000000000000000000e+00 7.055380978232846934e-01 2.944619021767152511e-01
0.000000000000000000e+00 7.807009468440170297e-01 2.192990531559829148e-01
0.000000000000000000e+00 8.772914081448729418e-01 1.227085918551269889e-01
0.000000000000000000e+00 1.000000000000000000e+00 0.000000000000000000e+00
9.985016511141925344e-02 0.000000000000000000e+00 9.001498348885808021e-01
1.057447402023696664e-01 9.157287917528247889e-02 8.026823806223476465e-01
1.060042305232792026e-01 1.971156830513987324e-01 6.968800864253218430e-01
9.101664990090214957e-02 3.102053632706673891e-01 5.987779868284305307e-01
8.969700116713993920e-02 4.106530677915271044e-01 4.996499310413330952e-01
7.858548594087871875e-02 5.059001738085749933e-01 4.155143402505463435e-01
9.678438387160007150e-02 5.986200873398606070e-01 3.045955287885392937e-01
9.558693333136873693e-02 6.984636335003115981e-01 2.059494331683195401e-01
1.022340438652320771e-01 7.994942604585770773e-01 9.827169567619106760e-02
1.092606053291417800e-01 8.907393946708582755e-01 0.000000000000000000e+00
1.984105280121393478e-01 0.000000000000000000e+00 8.015894719878606800e-01
2.000000000000000111e-01 1.000000000000000056e-01 6.999999999999999556e-01
1.929081174204180793e-01 2.112392368713936486e-01 5.958526457081882999e-01
2.033669546164372788e-01 2.988078170750256835e-01 4.978252283085369823e-01
1.726058038502309988e-01 4.052027091658884084e-01 4.221914869838805373e-01
1.964385235997989365e-01 5.061852231753973808e-01 2.973762532248037105e-01
2.001786834279375704e-01 6.054640717500018310e-01 1.943572448220604876e-01
2.000000000000000111e-01 6.999999999999999556e-01 1.000000000000000056e-01
1.896144920859970384e-01 8.103855079140029893e-01 0.000000000000000000e+00
2.920690958378184821e-01 0.000000000000000000e+00 7.079309041621814069e-01
3.000916865592968552e-01 9.879240553857157603e-02 6.011159079021314300e-01
2.960008317668301192e-01 2.014078012975972498e-01 5.025913669355726032e-01
2.975976188157754554e-01 3.018403660796156740e-01 4.005620151046088706e-01
2.978153706858590599e-01 3.989609263824153151e-01 3.032237029317255694e-01
3.001754739946240758e-01 5.001121297152547607e-01 1.997123962901212191e-01
2.990869235460073550e-01 6.009054786325973563e-01 1.000075978213953304e-01
3.156113175620315903e-01 6.843886824379683542e-01 0.000000000000000000e+00
4.032980769008871480e-01 0.000000000000000000e+00 5.967019230991128520e-01
3.953720564362853684e-01 9.692125147236384242e-02 5.077066920913507753e-01
3.956579425257552018e-01 2.046108133989467948e-01 3.997312440752979201e-01
4.000000000000000222e-01 2.999999999999999889e-01 2.999999999999999889e-01
4.117850246077870424e-01 4.071747876890644546e-01 1.810401877031484752e-01
4.011633838547517539e-01 5.080628511881448706e-01 9.077376495710343107e-02
4.059895389303053159e-01 5.940104610696945731e-01 0.000000000000000000e+00
4.956058717475779751e-01 0.000000000000000000e+00 5.043941282524219138e-01
4.956097675674262515e-01 1.041198546564733318e-01 4.002703777761004722e-01
4.963576159601318372e-01 2.075600304779209870e-01 2.960823535619472313e-01
5.096884103385760367e-01 2.923076559500935034e-01 1.980039337113305431e-01
5.000000000000000000e-01 4.000000000000000222e-01 1.000000000000000056e-01
5.117199903053651910e-01 4.882800096946347534e-01 0.000000000000000000e+00
5.999999999999999778e-01 0.000000000000000000e+00 4.000000000000000222e-01
6.006535868335416417e-01 1.080343831450206182e-01 2.913120300214377956e-01
5.937882559882662337e-01 1.936259176535721216e-01 2.125858263581615060e-01
6.009023378200878396e-01 3.119376516970808755e-01 8.716001048283132657e-02
5.999999999999999778e-01 4.000000000000000222e-01 0.000000000000000000e+00
6.956040809115749957e-01 0.000000000000000000e+00 3.043959190884249488e-01
6.991964621022552784e-01 9.294241618222844059e-02 2.078611217155164337e-01
7.019983186388568663e-01 1.964930900241216027e-01 1.015085913370215032e-01
7.031630904616705813e-01 2.968369095383293632e-01 0.000000000000000000e+00
8.054851215910721063e-01 0.000000000000000000e+00 1.945148784089278660e-01
8.010978340395898956e-01 9.875569095688105370e-02 1.001464750035290646e-01
7.854009130594017396e-01 2.145990869405983714e-01 0.000000000000000000e+00
8.868991431760864241e-01 0.000000000000000000e+00 1.131008568239134926e-01
8.947960918484680892e-01 1.052039081515319524e-01 0.000000000000000000e+00
1.000000000000000000e+00 0.000000000000000000e+00 0.000000000000000000e+00
