0.000000000000000000e+00 0.000000000000000000e+00 1.000000000000000000e+00
0.000000000000000000e+00 1.151609659556401405e-01 8.848390340443599289e-01
0.000000000000000000e+00 2.008770565979878797e-01 7.991229434020120648e-01
0.000000000000000000e+00 3.156751254535867246e-01 6.843248745464133309e-01
0.000000000000000000e+00 3.880581756394680948e-01 6.119418243605319052e-01
0.000000000000000000e+00 4.934692908991028526e-01 5.065307091008971474e-01
0.000000000000000000e+00 6.174919212892883147e-01 3.825080787107116853e-01
0.000000000000000000e+00 7.238818461302172214e-01 2.761181538697826676e-01
0.000000000000000000e+00 8.091572212365515382e-01 1.908427787634486283e-01
0.000000000000000000e+00 9.151577557225376580e-01 8.484224427746235586e-02
0.000000000000000000e+00 1.000000000000000000e+00 0.000000000000000000e+00
7.764101579238910644e-02 0.000000000000000000e+00 9.223589842076109768e-01
1.155780749569573357e-01 1.025901462312498735e-01 7.818317788117928879e-01
8.174861463103716419e-02 1.990971996984586545e-01 7.191541856705041535e-01
1.178667683800924543e-01 2.899367300781152679e-01 5.921965015417922640e-01
9.600799427512730910e-02 3.723735994821136264e-01 5.316184062427591339e-01
1.067497665316632927e-01 5.113318995507287745e-01 3.819183339176078218e-01
8.809217046400770468e-02 6.059658641151058900e-01 3.059419654208862527e-01
1.047874129013255384e-01 6.919298213280603571e-01 2.032827657706140212e-01
7.647682864914095990e-02 8.189704551604282123e-01 1.045527161904307445e-01
9.455979706422050490e-02 9.054402029357795367e-01 0.000000000000000000e+00
1.819665565132058405e-01 0.000000000000000000e+00 8.180334434867940763e-01
1.997064968669438889e-01 1.005082012012798731e-01 6.997853019317761269e-01
1.970994584069088174e-01 2.045785763573169103e-01 5.983219652357741891e-01
2.172009856885807333e-01 2.953317831690221995e-01 4.874672311423969284e-01
2.382177084836722414e-01 3.761729073570485582e-01 3.856093841592793114e-01
2.000000000000000111e-01 5.000000000000000000e-01 2.999999999999999889e-01
2.175912307583634797e-01 6.027679076834723260e-01 1.796408615581642221e-01
2.000000000000000111e-01 6.999999999999999556e-01 1.000000000000000056e-01
2.231099615116890478e-01 7.768900384883109522e-01 0.000000000000000000e+00
2.964304290467215663e-01 0.000000000000000000e+00 7.035695709532783226e-01
2.977400893696557915e-01 9.482517278778668235e-02 6.074347378425575261e-01
3.134185597144301672e-01 1.769588911677683341e-01 5.096225491178014710e-01
3.028572239403482524e-01 2.978620005363592504e-01 3.992807755232925526e-01
3.006525527981767087e-01 3.971664024638528745e-01 3.021810447379703612e-01
3.060617623940327658e-01 4.823262349395101567e-01 2.116120026664572162e-01
3.065832629325545566e-01 5.885813868960280137e-01 1.048353501714174574e-01
3.236829439610292569e-01 6.763170560389708541e-01 0.000000000000000000e+00
3.748237035637593251e-01 0.000000000000000000e+00 6.251762964362406194e-01
4.067438086781833273e-01 7.903988228025363161e-02 5.142163090415631244e-01
3.847964206387324837e-01 2.207719750700422312e-01 3.944316042912253129e-01
3.721185077037654221e-01 3.101565208332145440e-01 3.177249714630199784e-01
3.928255936090363498e-01 4.135312435682894083e-01 1.936431628226742974e-01
3.936001901012978754e-01 5.098119551503349500e-01 9.658785474836714680e-02
4.136547776980985525e-01 5.863452223019014475e-01 0.000000000000000000e+00
4.731460347560399460e-01 0.000000000000000000e+00 5.268539652439598875e-01
5.140822438917139747e-01 8.223530445431842528e-02 4.036824516539676000e-01
5.087359402333325731e-01 1.966943683584483626e-01 2.945696914082189810e-01
5.048844728549729544e-01 3.086362638340908737e-01 1.864792633109361442e-01
5.183825100922258011e-01 3.825370452178421532e-01 9.908044468993201792e-02
5.014045530469881662e-01 4.985954469530117783e-01 0.000000000000000000e+00
5.490264246223265365e-01 0.000000000000000000e+00 4.509735753776733524e-01
6.059111437020505697e-01 1.144120398283062640e-01 2.796768164696432635e-01
5.943024349270539242e-01 1.929295526928195004e-01 2.127680123801264367e-01
5.924889494186503791e-01 3.140021398517988116e-01 9.350891072955096195e-02
5.793812485982952065e-01 4.206187514017047935e-01 0.000000000000000000e+00
6.910803370761369191e-01 0.000000000000000000e+00 3.089196629238630254e-01
7.140273858632520954e-01 9.454628594522640483e-02 1.914263281915213888e-01
7.094336883451721754e-01 2.156015433161277695e-01 7.496476833870012457e-02
7.681472119373408125e-01 2.318527880626594373e-01 0.000000000000000000e+00
7.919563305705440426e-01 0.000000000000000000e+00 2.080436694294559574e-01
8.136506361585530422e-01 1.031110993080183863e-01 8.323826453342847431e-02
8.021355770110878414e-01 1.978644229889122974e-01 0.000000000000000000e+00
8.944355762240918661e-01 0.000000000000000000e+00 1.055644237759081339e-01
8.640010743583157460e-01 1.359989256416841430e-01 0.000000000000000000e+00
1.000000000000000000e+00 0.000000000000000000e+00 0.000000000000000000e+00
