3.519093633336140003e-02 3.519093633336140003e-02 9.296181273332773110e-01
3.519093633336140003e-02 1.345717353333520383e-01 8.302373283332866727e-01
3.519093633336140003e-02 2.339525343333426766e-01 7.308565293332959234e-01
3.519093633336140003e-02 3.333333333333333148e-01 6.314757303333051741e-01
3.519093633336140003e-02 4.327141323333239531e-01 5.320949313333146469e-01
3.519093633336140003e-02 5.320949313333146469e-01 4.327141323333239531e-01
3.519093633336140003e-02 6.314757303333051741e-01 3.333333333333333148e-01
3.519093633336140003e-02 7.308565293332959234e-01 2.339525343333426766e-01
3.519093633336140003e-02 8.302373283332866727e-01 1.345717353333520383e-01
3.519093633336140003e-02 9.296181273332773110e-01 3.519093633336140003e-02
1.345717353333520383e-01 3.519093633336140003e-02 8.302373283332866727e-01
1.345717353333520383e-01 1.345717353333520383e-01 7.308565293332959234e-01
1.345717353333520383e-01 2.339525343333426766e-01 6.314757303333051741e-01
1.345717353333520383e-01 3.333333333333333148e-01 5.320949313333146469e-01
1.345717353333520383e-01 4.327141323333239531e-01 4.327141323333239531e-01
1.345717353333520383e-01 5.320949313333146469e-01 3.333333333333333148e-01
1.345717353333520383e-01 6.314757303333051741e-01 2.339525343333426766e-01
1.345717353333520383e-01 7.308565293332959234e-01 1.345717353333520383e-01
1.345717353333520383e-01 8.302373283332866727e-01 3.519093633336140003e-02
2.339525343333426766e-01 3.519093633336140003e-02 7.308565293332959234e-01
2.339525343333426766e-01 1.345717353333520383e-01 6.314757303333051741e-01
2.339525343333426766e-01 2.339525343333426766e-01 5.320949313333146469e-01
2.339525343333426766e-01 3.333333333333333148e-01 4.327141323333239531e-01
2.339525343333426766e-01 4.327141323333239531e-01 3.333333333333333148e-01
2.339525343333426766e-01 5.320949313333146469e-01 2.339525343333426766e-01
2.339525343333426766e-01 6.314757303333051741e-01 1.345717353333520383e-01
2.339525343333426766e-01 7.308565293332959234e-01 3.519093633336140003e-02
3.333333333333333148e-01 3.519093633336140003e-02 6.314757303333051741e-01
3.333333333333333148e-01 1.345717353333520383e-01 5.320949313333146469e-01
3.333333333333333148e-01 2.339525343333426766e-01 4.327141323333239531e-01
3.333333333333333148e-01 3.333333333333333148e-01 3.333333333333333148e-01
3.333333333333333148e-01 4.327141323333239531e-01 2.339525343333426766e-01
3.333333333333333148e-01 5.320949313333146469e-01 1.345717353333520383e-01
3.333333333333333148e-01 6.314757303333051741e-01 3.519093633336140003e-02
4.327141323333239531e-01 3.519093633336140003e-02 5.320949313333146469e-01
4.327141323333239531e-01 1.345717353333520383e-01 4.327141323333239531e-01
4.327141323333239531e-01 2.339525343333426766e-01 3.333333333333333148e-01
4.327141323333239531e-01 3.333333333333333148e-01 2.339525343333426766e-01
4.327141323333239531e-01 4.327141323333239531e-01 1.345717353333520383e-01
4.327141323333239531e-01 5.320949313333146469e-01 3.519093633336140003e-02
5.320949313333146469e-01 3.519093633336140003e-02 4.327141323333239531e-01
5.320949313333146469e-01 1.345717353333520383e-01 3.333333333333333148e-01
5.320949313333146469e-01 2.339525343333426766e-01 2.339525343333426766e-01
5.320949313333146469e-01 3.333333333333333148e-01 1.345717353333520383e-01
5.320949313333146469e-01 4.327141323333239531e-01 3.519093633336140003e-02
6.314757303333051741e-01 3.519093633336140003e-02 3.333333333333333148e-01
6.314757303333051741e-01 1.345717353333520383e-01 2.339525343333426766e-01
6.314757303333051741e-01 2.339525343333426766e-01 1.345717353333520383e-01
6.314757303333051741e-01 3.333333333333333148e-01 3.519093633336140003e-02
7.308565293332959234e-01 3.519093633336140003e-02 2.339525343333426766e-01
7.308565293332959234e-01 1.345717353333520383e-01 1.345717353333520383e-01
7.308565293332959234e-01 2.339525343333426766e-01 3.519093633336140003e-02
8.302373283332866727e-01 3.519093633336140003e-02 1.345717353333520383e-01
8.302373283332866727e-01 1.345717353333520383e-01 3.519093633336140003e-02
9.296181273332773110e-01 3.519093633336140003e-02 3.519093633336140003e-02
