7.513444358617221708e-02 7.513444358617221708e-02 8.497311128276556769e-01
7.513444358617221708e-02 1.612007401685592312e-01 7.636648162452686073e-01
7.513444358617221708e-02 2.472670367509462730e-01 6.775985196628815377e-01
7.513444358617221708e-02 3.333333333333333148e-01 5.915322230804944681e-01
7.513444358617221708e-02 4.193996299157203289e-01 5.054659264981073985e-01
7.513444358617221708e-02 5.054659264981073985e-01 4.193996299157203289e-01
7.513444358617221708e-02 5.915322230804944681e-01 3.333333333333333148e-01
7.513444358617221708e-02 6.775985196628815377e-01 2.472670367509462730e-01
7.513444358617221708e-02 7.636648162452686073e-01 1.612007401685592312e-01
7.513444358617221708e-02 8.497311128276556769e-01 7.513444358617221708e-02
1.612007401685592312e-01 7.513444358617221708e-02 7.636648162452686073e-01
1.612007401685592312e-01 1.612007401685592312e-01 6.775985196628815377e-01
1.612007401685592312e-01 2.472670367509462730e-01 5.915322230804944681e-01
1.612007401685592312e-01 3.333333333333333148e-01 5.054659264981073985e-01
1.612007401685592312e-01 4.193996299157203289e-01 4.193996299157203289e-01
1.612007401685592312e-01 5.054659264981073985e-01 3.333333333333333148e-01
1.612007401685592312e-01 5.915322230804944681e-01 2.472670367509462730e-01
1.612007401685592312e-01 6.775985196628815377e-01 1.612007401685592312e-01
1.612007401685592312e-01 7.636648162452686073e-01 7.513444358617221708e-02
2.472670367509462730e-01 7.513444358617221708e-02 6.775985196628815377e-01
2.472670367509462730e-01 1.612007401685592312e-01 5.915322230804944681e-01
2.472670367509462730e-01 2.472670367509462730e-01 5.054659264981073985e-01
2.472670367509462730e-01 3.333333333333333148e-01 4.193996299157203289e-01
2.472670367509462730e-01 4.193996299157203289e-01 3.333333333333333148e-01
2.472670367509462730e-01 5.054659264981073985e-01 2.472670367509462730e-01
2.472670367509462730e-01 5.915322230804944681e-01 1.612007401685592312e-01
2.472670367509462730e-01 6.775985196628815377e-01 7.513444358617221708e-02
3.333333333333333148e-01 7.513444358617221708e-02 5.915322230804944681e-01
3.333333333333333148e-01 1.612007401685592312e-01 5.054659264981073985e-01
3.333333333333333148e-01 2.472670367509462730e-01 4.193996299157203289e-01
3.333333333333333148e-01 3.333333333333333148e-01 3.333333333333333148e-01
3.333333333333333148e-01 4.193996299157203289e-01 2.472670367509462730e-01
3.333333333333333148e-01 5.054659264981073985e-01 1.612007401685592312e-01
3.333333333333333148e-01 5.915322230804944681e-01 7.513444358617221708e-02
4.193996299157203289e-01 7.513444358617221708e-02 5.054659264981073985e-01
4.193996299157203289e-01 1.612007401685592312e-01 4.193996299157203289e-01
4.193996299157203289e-01 2.472670367509462730e-01 3.333333333333333148e-01
4.193996299157203289e-01 3.333333333333333148e-01 2.472670367509462730e-01
4.193996299157203289e-01 4.193996299157203289e-01 1.612007401685592312e-01
4.193996299157203289e-01 5.054659264981073985e-01 7.513444358617221708e-02
5.054659264981073985e-01 7.513444358617221708e-02 4.193996299157203289e-01
5.054659264981073985e-01 1.612007401685592312e-01 3.333333333333333148e-01
5.054659264981073985e-01 2.472670367509462730e-01 2.472670367509462730e-01
5.054659264981073985e-01 3.333333333333333148e-01 1.612007401685592312e-01
5.054659264981073985e-01 4.193996299157203289e-01 7.513444358617221708e-02
5.915322230804944681e-01 7.513444358617221708e-02 3.333333333333333148e-01
5.915322230804944681e-01 1.612007401685592312e-01 2.472670367509462730e-01
5.915322230804944681e-01 2.472670367509462730e-01 1.612007401685592312e-01
5.915322230804944681e-01 3.333333333333333148e-01 7.513444358617221708e-02
6.775985196628815377e-01 7.513444358617221708e-02 2.472670367509462730e-01
6.775985196628815377e-01 1.612007401685592312e-01 1.612007401685592312e-01
6.775985196628815377e-01 2.472670367509462730e-01 7.513444358617221708e-02
7.636648162452686073e-01 7.513444358617221708e-02 1.612007401685592312e-01
7.636648162452686073e-01 1.612007401685592312e-01 7.513444358617221708e-02
8.497311128276556769e-01 7.513444358617221708e-02 7.513444358617221708e-02
