5.444665782197483095e-02 5.444665782197483095e-02 8.911066843560504491e-01
5.444665782197483095e-02 1.474088829924276312e-01 7.981444591855975101e-01
5.444665782197483095e-02 2.403711081628804869e-01 7.051822340151446822e-01
5.444665782197483095e-02 3.333333333333333148e-01 6.122200088446918542e-01
5.444665782197483095e-02 4.262955585037861428e-01 5.192577836742390263e-01
5.444665782197483095e-02 5.192577836742390263e-01 4.262955585037861428e-01
5.444665782197483095e-02 6.122200088446918542e-01 3.333333333333333148e-01
5.444665782197483095e-02 7.051822340151446822e-01 2.403711081628804869e-01
5.444665782197483095e-02 7.981444591855975101e-01 1.474088829924276312e-01
5.444665782197483095e-02 8.911066843560504491e-01 5.444665782197483095e-02
1.474088829924276312e-01 5.444665782197483095e-02 7.981444591855975101e-01
1.474088829924276312e-01 1.474088829924276312e-01 7.051822340151446822e-01
1.474088829924276312e-01 2.403711081628804869e-01 6.122200088446918542e-01
1.474088829924276312e-01 3.333333333333333148e-01 5.192577836742390263e-01
1.474088829924276312e-01 4.262955585037861428e-01 4.262955585037861428e-01
1.474088829924276312e-01 5.192577836742390263e-01 3.333333333333333148e-01
1.474088829924276312e-01 6.122200088446918542e-01 2.403711081628804869e-01
1.474088829924276312e-01 7.051822340151446822e-01 1.474088829924276312e-01
1.474088829924276312e-01 7.981444591855975101e-01 5.444665782197483095e-02
2.403711081628804869e-01 5.444665782197483095e-02 7.051822340151446822e-01
2.403711081628804869e-01 1.474088829924276312e-01 6.122200088446918542e-01
2.403711081628804869e-01 2.403711081628804869e-01 5.192577836742390263e-01
2.403711081628804869e-01 3.333333333333333148e-01 4.262955585037861428e-01
2.403711081628804869e-01 4.262955585037861428e-01 3.333333333333333148e-01
2.403711081628804869e-01 5.192577836742390263e-01 2.403711081628804869e-01
2.403711081628804869e-01 6.122200088446918542e-01 1.474088829924276312e-01
2.403711081628804869e-01 7.051822340151446822e-01 5.444665782197483095e-02
3.333333333333333148e-01 5.444665782197483095e-02 6.122200088446918542e-01
3.333333333333333148e-01 1.474088829924276312e-01 5.192577836742390263e-01
3.333333333333333148e-01 2.403711081628804869e-01 4.262955585037861428e-01
3.333333333333333148e-01 3.333333333333333148e-01 3.333333333333333148e-01
3.333333333333333148e-01 4.262955585037861428e-01 2.403711081628804869e-01
3.333333333333333148e-01 5.192577836742390263e-01 1.474088829924276312e-01
3.333333333333333148e-01 6.122200088446918542e-01 5.444665782197483095e-02
4.262955585037861428e-01 5.444665782197483095e-02 5.192577836742390263e-01
4.262955585037861428e-01 1.474088829924276312e-01 4.262955585037861428e-01
4.262955585037861428e-01 2.403711081628804869e-01 3.333333333333333148e-01
4.262955585037861428e-01 3.333333333333333148e-01 2.403711081628804869e-01
4.262955585037861428e-01 4.262955585037861428e-01 1.474088829924276312e-01
4.262955585037861428e-01 5.192577836742390263e-01 5.444665782197483095e-02
5.192577836742390263e-01 5.444665782197483095e-02 4.262955585037861428e-01
5.192577836742390263e-01 1.474088829924276312e-01 3.333333333333333148e-01
5.192577836742390263e-01 2.403711081628804869e-01 2.403711081628804869e-01
5.192577836742390263e-01 3.333333333333333148e-01 1.474088829924276312e-01
5.192577836742390263e-01 4.262955585037861428e-01 5.444665782197483095e-02
6.122200088446918542e-01 5.444665782197483095e-02 3.333333333333333148e-01
6.122200088446918542e-01 1.474088829924276312e-01 2.403711081628804869e-01
6.122200088446918542e-01 2.403711081628804869e-01 1.474088829924276312e-01
6.122200088446918542e-01 3.333333333333333148e-01 5.444665782197483095e-02
7.051822340151446822e-01 5.444665782197483095e-02 2.403711081628804869e-01
7.051822340151446822e-01 1.474088829924276312e-01 1.474088829924276312e-01
7.051822340151446822e-01 2.403711081628804869e-01 5.444665782197483095e-02
7.981444591855975101e-01 5.444665782197483095e-02 1.474088829924276312e-01
7.981444591855975101e-01 1.474088829924276312e-01 5.444665782197483095e-02
8.911066843560504491e-01 5.444665782197483095e-02 5.444665782197483095e-02
