1.710556731649542916e-02 1.710556731649542916e-02 9.657888653670092527e-01
1.710556731649542916e-02 1.225148226554413911e-01 8.603796100280631798e-01
1.710556731649542916e-02 2.279240779943873529e-01 7.549703546891172179e-01
1.710556731649542916e-02 3.333333333333333148e-01 6.495610993501712560e-01
1.710556731649542916e-02 4.387425886722792767e-01 5.441518440112252941e-01
1.710556731649542916e-02 5.441518440112252941e-01 4.387425886722792767e-01
1.710556731649542916e-02 6.495610993501712560e-01 3.333333333333333148e-01
1.710556731649542916e-02 7.549703546891172179e-01 2.279240779943873529e-01
1.710556731649542916e-02 8.603796100280631798e-01 1.225148226554413911e-01
1.710556731649542916e-02 9.657888653670092527e-01 1.710556731649542916e-02
1.225148226554413911e-01 1.710556731649542916e-02 8.603796100280631798e-01
1.225148226554413911e-01 1.225148226554413911e-01 7.549703546891172179e-01
1.225148226554413911e-01 2.279240779943873529e-01 6.495610993501712560e-01
1.225148226554413911e-01 3.333333333333333148e-01 5.441518440112252941e-01
1.225148226554413911e-01 4.387425886722792767e-01 4.387425886722792767e-01
1.225148226554413911e-01 5.441518440112252941e-01 3.333333333333333148e-01
1.225148226554413911e-01 6.495610993501712560e-01 2.279240779943873529e-01
1.225148226554413911e-01 7.549703546891172179e-01 1.225148226554413911e-01
1.225148226554413911e-01 8.603796100280631798e-01 1.710556731649542916e-02
2.279240779943873529e-01 1.710556731649542916e-02 7.549703546891172179e-01
2.279240779943873529e-01 1.225148226554413911e-01 6.495610993501712560e-01
2.279240779943873529e-01 2.279240779943873529e-01 5.441518440112252941e-01
2.279240779943873529e-01 3.333333333333333148e-01 4.387425886722792767e-01
2.279240779943873529e-01 4.387425886722792767e-01 3.333333333333333148e-01
2.279240779943873529e-01 5.441518440112252941e-01 2.279240779943873529e-01
2.279240779943873529e-01 6.495610993501712560e-01 1.225148226554413911e-01
2.279240779943873529e-01 7.549703546891172179e-01 1.710556731649542916e-02
3.333333333333333148e-01 1.710556731649542916e-02 6.495610993501712560e-01
3.333333333333333148e-01 1.225148226554413911e-01 5.441518440112252941e-01
3.333333333333333148e-01 2.279240779943873529e-01 4.387425886722792767e-01
3.333333333333333148e-01 3.333333333333333148e-01 3.333333333333333148e-01
3.333333333333333148e-01 4.387425886722792767e-01 2.279240779943873529e-01
3.333333333333333148e-01 5.441518440112252941e-01 1.225148226554413911e-01
3.333333333333333148e-01 6.495610993501712560e-01 1.710556731649542916e-02
4.387425886722792767e-01 1.710556731649542916e-02 5.441518440112252941e-01
4.387425886722792767e-01 1.225148226554413911e-01 4.387425886722792767e-01
4.387425886722792767e-01 2.279240779943873529e-01 3.333333333333333148e-01
4.387425886722792767e-01 3.333333333333333148e-01 2.279240779943873529e-01
4.387425886722792767e-01 4.387425886722792767e-01 1.225148226554413911e-01
4.387425886722792767e-01 5.441518440112252941e-01 1.710556731649542916e-02
5.441518440112252941e-01 1.710556731649542916e-02 4.387425886722792767e-01
5.441518440112252941e-01 1.225148226554413911e-01 3.333333333333333148e-01
5.441518440112252941e-01 2.279240779943873529e-01 2.279240779943873529e-01
5.441518440112252941e-01 3.333333333333333148e-01 1.225148226554413911e-01
5.441518440112252941e-01 4.387425886722792767e-01 1.710556731649542916e-02
6.495610993501712560e-01 1.710556731649542916e-02 3.333333333333333148e-01
6.495610993501712560e-01 1.225148226554413911e-01 2.279240779943873529e-01
6.495610993501712560e-01 2.279240779943873529e-01 1.225148226554413911e-01
6.495610993501712560e-01 3.333333333333333148e-01 1.710556731649542916e-02
7.549703546891172179e-01 1.710556731649542916e-02 2.279240779943873529e-01
7.549703546891172179e-01 1.225148226554413911e-01 1.225148226554413911e-01
7.549703546891172179e-01 2.279240779943873529e-01 1.710556731649542916e-02
8.603796100280631798e-01 1.710556731649542916e-02 1.225148226554413911e-01
8.603796100280631798e-01 1.225148226554413911e-01 1.710556731649542916e-02
9.657888653670092527e-01 1.710556731649542916e-02 1.710556731649542916e-02
