1.710556731649542916e-02 1.710556731649542916e-02 9.657888653670092527e-01
1.710556731649542916e-02 1.356909795728096224e-01 8.472034531106951150e-01
1.710556731649542916e-02 2.542763918291238712e-01 7.286180408543807552e-01
1.710556731649542916e-02 3.728618040854380644e-01 6.100326285980665064e-01
1.710556731649542916e-02 4.914472163417522577e-01 4.914472163417522577e-01
1.710556731649542916e-02 6.100326285980665064e-01 3.728618040854380644e-01
1.710556731649542916e-02 7.286180408543807552e-01 2.542763918291238712e-01
1.710556731649542916e-02 8.472034531106951150e-01 1.356909795728096224e-01
1.710556731649542916e-02 9.657888653670092527e-01 1.710556731649542916e-02
1.356909795728096224e-01 1.710556731649542916e-02 8.472034531106951150e-01
1.356909795728096224e-01 1.356909795728096224e-01 7.286180408543807552e-01
1.356909795728096224e-01 2.542763918291238712e-01 6.100326285980665064e-01
1.356909795728096224e-01 3.728618040854380644e-01 4.914472163417522577e-01
1.356909795728096224e-01 4.914472163417522577e-01 3.728618040854380644e-01
1.356909795728096224e-01 6.100326285980665064e-01 2.542763918291238712e-01
1.356909795728096224e-01 7.286180408543807552e-01 1.356909795728096224e-01
1.356909795728096224e-01 8.472034531106951150e-01 1.710556731649542916e-02
2.542763918291238712e-01 1.710556731649542916e-02 7.286180408543807552e-01
2.542763918291238712e-01 1.356909795728096224e-01 6.100326285980665064e-01
2.542763918291238712e-01 2.542763918291238712e-01 4.914472163417522577e-01
2.542763918291238712e-01 3.728618040854380644e-01 3.728618040854380644e-01
2.542763918291238712e-01 4.914472163417522577e-01 2.542763918291238712e-01
2.542763918291238712e-01 6.100326285980665064e-01 1.356909795728096224e-01
2.542763918291238712e-01 7.286180408543807552e-01 1.710556731649542916e-02
3.728618040854380644e-01 1.710556731649542916e-02 6.100326285980665064e-01
3.728618040854380644e-01 1.356909795728096224e-01 4.914472163417522577e-01
3.728618040854380644e-01 2.542763918291238712e-01 3.728618040854380644e-01
3.728618040854380644e-01 3.728618040854380644e-01 2.542763918291238712e-01
3.728618040854380644e-01 4.914472163417522577e-01 1.356909795728096224e-01
3.728618040854380644e-01 6.100326285980665064e-01 1.710556731649542916e-02
4.914472163417522577e-01 1.710556731649542916e-02 4.914472163417522577e-01
4.914472163417522577e-01 1.356909795728096224e-01 3.728618040854380644e-01
4.914472163417522577e-01 2.542763918291238712e-01 2.542763918291238712e-01
4.914472163417522577e-01 3.728618040854380644e-01 1.356909795728096224e-01
4.914472163417522577e-01 4.914472163417522577e-01 1.710556731649542916e-02
6.100326285980665064e-01 1.710556731649542916e-02 3.728618040854380644e-01
6.100326285980665064e-01 1.356909795728096224e-01 2.542763918291238712e-01
6.100326285980665064e-01 2.542763918291238712e-01 1.356909795728096224e-01
6.100326285980665064e-01 3.728618040854380644e-01 1.710556731649542916e-02
7.286180408543807552e-01 1.710556731649542916e-02 2.542763918291238712e-01
7.286180408543807552e-01 1.356909795728096224e-01 1.356909795728096224e-01
7.286180408543807552e-01 2.542763918291238712e-01 1.710556731649542916e-02
8.472034531106951150e-01 1.710556731649542916e-02 1.356909795728096224e-01
8.472034531106951150e-01 1.356909795728096224e-01 1.710556731649542916e-02
9.657888653670092527e-01 1.710556731649542916e-02 1.710556731649542916e-02
