7.513444358617221708e-02 7.513444358617221708e-02 8.497311128276556769e-01
7.513444358617221708e-02 1.719590272413576149e-01 7.529065291724701403e-01
7.513444358617221708e-02 2.687836108965430126e-01 6.560819455172848258e-01
7.513444358617221708e-02 3.656081945517284937e-01 5.592573618620992892e-01
7.513444358617221708e-02 4.624327782069138637e-01 4.624327782069138637e-01
7.513444358617221708e-02 5.592573618620992892e-01 3.656081945517284937e-01
7.513444358617221708e-02 6.560819455172848258e-01 2.687836108965430126e-01
7.513444358617221708e-02 7.529065291724701403e-01 1.719590272413576149e-01
7.513444358617221708e-02 8.497311128276556769e-01 7.513444358617221708e-02
1.719590272413576149e-01 7.513444358617221708e-02 7.529065291724701403e-01
1.719590272413576149e-01 1.719590272413576149e-01 6.560819455172848258e-01
1.719590272413576149e-01 2.687836108965430126e-01 5.592573618620992892e-01
1.719590272413576149e-01 3.656081945517284937e-01 4.624327782069138637e-01
1.719590272413576149e-01 4.624327782069138637e-01 3.656081945517284937e-01
1.719590272413576149e-01 5.592573618620992892e-01 2.687836108965430126e-01
1.719590272413576149e-01 6.560819455172848258e-01 1.719590272413576149e-01
1.719590272413576149e-01 7.529065291724701403e-01 7.513444358617221708e-02
2.687836108965430126e-01 7.513444358617221708e-02 6.560819455172848258e-01
2.687836108965430126e-01 1.719590272413576149e-01 5.592573618620992892e-01
2.687836108965430126e-01 2.687836108965430126e-01 4.624327782069138637e-01
2.687836108965430126e-01 3.656081945517284937e-01 3.656081945517284937e-01
2.687836108965430126e-01 4.624327782069138637e-01 2.687836108965430126e-01
2.687836108965430126e-01 5.592573618620992892e-01 1.719590272413576149e-01
2.687836108965430126e-01 6.560819455172848258e-01 7.513444358617221708e-02
3.656081945517284937e-01 7.513444358617221708e-02 5.592573618620992892e-01
3.656081945517284937e-01 1.719590272413576149e-01 4.624327782069138637e-01
3.656081945517284937e-01 2.687836108965430126e-01 3.656081945517284937e-01
3.656081945517284937e-01 3.656081945517284937e-01 2.687836108965430126e-01
3.656081945517284937e-01 4.624327782069138637e-01 1.719590272413576149e-01
3.656081945517284937e-01 5.592573618620992892e-01 7.513444358617221708e-02
4.624327782069138637e-01 7.513444358617221708e-02 4.624327782069138637e-01
4.624327782069138637e-01 1.719590272413576149e-01 3.656081945517284937e-01
4.624327782069138637e-01 2.687836108965430126e-01 2.687836108965430126e-01
4.624327782069138637e-01 3.656081945517284937e-01 1.719590272413576149e-01
4.624327782069138637e-01 4.624327782069138637e-01 7.513444358617221708e-02
5.592573618620992892e-01 7.513444358617221708e-02 3.656081945517284937e-01
5.592573618620992892e-01 1.719590272413576149e-01 2.687836108965430126e-01
5.592573618620992892e-01 2.687836108965430126e-01 1.719590272413576149e-01
5.592573618620992892e-01 3.656081945517284937e-01 7.513444358617221708e-02
6.560819455172848258e-01 7.513444358617221708e-02 2.687836108965430126e-01
6.560819455172848258e-01 1.719590272413576149e-01 1.719590272413576149e-01
6.560819455172848258e-01 2.687836108965430126e-01 7.513444358617221708e-02
7.529065291724701403e-01 7.513444358617221708e-02 1.719590272413576149e-01
7.529065291724701403e-01 1.719590272413576149e-01 7.513444358617221708e-02
8.497311128276556769e-01 7.513444358617221708e-02 7.513444358617221708e-02
