5.444665782197483095e-02 5.444665782197483095e-02 8.911066843560504491e-01
5.444665782197483095e-02 1.590291611387342485e-01 7.865241810392908928e-01
5.444665782197483095e-02 2.636116644554936661e-01 6.819416777225315585e-01
5.444665782197483095e-02 3.681941677722531669e-01 5.773591744057720021e-01
5.444665782197483095e-02 4.727766710890125568e-01 4.727766710890125568e-01
5.444665782197483095e-02 5.773591744057720021e-01 3.681941677722531669e-01
5.444665782197483095e-02 6.819416777225315585e-01 2.636116644554936661e-01
5.444665782197483095e-02 7.865241810392908928e-01 1.590291611387342485e-01
5.444665782197483095e-02 8.911066843560504491e-01 5.444665782197483095e-02
1.590291611387342485e-01 5.444665782197483095e-02 7.865241810392908928e-01
1.590291611387342485e-01 1.590291611387342485e-01 6.819416777225315585e-01
1.590291611387342485e-01 2.636116644554936661e-01 5.773591744057720021e-01
1.590291611387342485e-01 3.681941677722531669e-01 4.727766710890125568e-01
1.590291611387342485e-01 4.727766710890125568e-01 3.681941677722531669e-01
1.590291611387342485e-01 5.773591744057720021e-01 2.636116644554936661e-01
1.590291611387342485e-01 6.819416777225315585e-01 1.590291611387342485e-01
1.590291611387342485e-01 7.865241810392908928e-01 5.444665782197483095e-02
2.636116644554936661e-01 5.444665782197483095e-02 6.819416777225315585e-01
2.636116644554936661e-01 1.590291611387342485e-01 5.773591744057720021e-01
2.636116644554936661e-01 2.636116644554936661e-01 4.727766710890125568e-01
2.636116644554936661e-01 3.681941677722531669e-01 3.681941677722531669e-01
2.636116644554936661e-01 4.727766710890125568e-01 2.636116644554936661e-01
2.636116644554936661e-01 5.773591744057720021e-01 1.590291611387342485e-01
2.636116644554936661e-01 6.819416777225315585e-01 5.444665782197483095e-02
3.681941677722531669e-01 5.444665782197483095e-02 5.773591744057720021e-01
3.681941677722531669e-01 1.590291611387342485e-01 4.727766710890125568e-01
3.681941677722531669e-01 2.636116644554936661e-01 3.681941677722531669e-01
3.681941677722531669e-01 3.681941677722531669e-01 2.636116644554936661e-01
3.681941677722531669e-01 4.727766710890125568e-01 1.590291611387342485e-01
3.681941677722531669e-01 5.773591744057720021e-01 5.444665782197483095e-02
4.727766710890125568e-01 5.444665782197483095e-02 4.727766710890125568e-01
4.727766710890125568e-01 1.590291611387342485e-01 3.681941677722531669e-01
4.727766710890125568e-01 2.636116644554936661e-01 2.636116644554936661e-01
4.727766710890125568e-01 3.681941677722531669e-01 1.590291611387342485e-01
4.727766710890125568e-01 4.727766710890125568e-01 5.444665782197483095e-02
5.773591744057720021e-01 5.444665782197483095e-02 3.681941677722531669e-01
5.773591744057720021e-01 1.590291611387342485e-01 2.636116644554936661e-01
5.773591744057720021e-01 2.636116644554936661e-01 1.590291611387342485e-01
5.773591744057720021e-01 3.681941677722531669e-01 5.444665782197483095e-02
6.819416777225315585e-01 5.444665782197483095e-02 2.636116644554936661e-01
6.819416777225315585e-01 1.590291611387342485e-01 1.590291611387342485e-01
6.819416777225315585e-01 2.636116644554936661e-01 5.444665782197483095e-02
7.865241810392908928e-01 5.444665782197483095e-02 1.590291611387342485e-01
7.865241810392908928e-01 1.590291611387342485e-01 5.444665782197483095e-02
8.911066843560504491e-01 5.444665782197483095e-02 5.444665782197483095e-02
