3.519093633336140003e-02 3.519093633336140003e-02 9.296181273332773110e-01
3.519093633336140003e-02 1.469943352083508681e-01 8.178147284582877319e-01
3.519093633336140003e-02 2.587977340833403361e-01 7.060113295832982638e-01
3.519093633336140003e-02 3.706011329583298042e-01 5.942079307083087958e-01
3.519093633336140003e-02 4.824045318333193277e-01 4.824045318333193277e-01
3.519093633336140003e-02 5.942079307083087958e-01 3.706011329583298042e-01
3.519093633336140003e-02 7.060113295832982638e-01 2.587977340833403361e-01
3.519093633336140003e-02 8.178147284582877319e-01 1.469943352083508681e-01
3.519093633336140003e-02 9.296181273332773110e-01 3.519093633336140003e-02
1.469943352083508681e-01 3.519093633336140003e-02 8.178147284582877319e-01
1.469943352083508681e-01 1.469943352083508681e-01 7.060113295832982638e-01
1.469943352083508681e-01 2.587977340833403361e-01 5.942079307083087958e-01
1.469943352083508681e-01 3.706011329583298042e-01 4.824045318333193277e-01
1.469943352083508681e-01 4.824045318333193277e-01 3.706011329583298042e-01
1.469943352083508681e-01 5.942079307083087958e-01 2.587977340833403361e-01
1.469943352083508681e-01 7.060113295832982638e-01 1.469943352083508681e-01
1.469943352083508681e-01 8.178147284582877319e-01 3.519093633336140003e-02
2.587977340833403361e-01 3.519093633336140003e-02 7.060113295832982638e-01
2.587977340833403361e-01 1.469943352083508681e-01 5.942079307083087958e-01
2.587977340833403361e-01 2.587977340833403361e-01 4.824045318333193277e-01
2.587977340833403361e-01 3.706011329583298042e-01 3.706011329583298042e-01
2.587977340833403361e-01 4.824045318333193277e-01 2.587977340833403361e-01
2.587977340833403361e-01 5.942079307083087958e-01 1.469943352083508681e-01
2.587977340833403361e-01 7.060113295832982638e-01 3.519093633336140003e-02
3.706011329583298042e-01 3.519093633336140003e-02 5.942079307083087958e-01
3.706011329583298042e-01 1.469943352083508681e-01 4.824045318333193277e-01
3.706011329583298042e-01 2.587977340833403361e-01 3.706011329583298042e-01
3.706011329583298042e-01 3.706011329583298042e-01 2.587977340833403361e-01
3.706011329583298042e-01 4.824045318333193277e-01 1.469943352083508681e-01
3.706011329583298042e-01 5.942079307083087958e-01 3.519093633336140003e-02
4.824045318333193277e-01 3.519093633336140003e-02 4.824045318333193277e-01
4.824045318333193277e-01 1.469943352083508681e-01 3.706011329583298042e-01
4.824045318333193277e-01 2.587977340833403361e-01 2.587977340833403361e-01
4.824045318333193277e-01 3.706011329583298042e-01 1.469943352083508681e-01
4.824045318333193277e-01 4.824045318333193277e-01 3.519093633336140003e-02
5.942079307083087958e-01 3.519093633336140003e-02 3.706011329583298042e-01
5.942079307083087958e-01 1.469943352083508681e-01 2.587977340833403361e-01
5.942079307083087958e-01 2.587977340833403361e-01 1.469943352083508681e-01
5.942079307083087958e-01 3.706011329583298042e-01 3.519093633336140003e-02
7.060113295832982638e-01 3.519093633336140003e-02 2.587977340833403361e-01
7.060113295832982638e-01 1.469943352083508681e-01 1.469943352083508681e-01
7.060113295832982638e-01 2.587977340833403361e-01 3.519093633336140003e-02
8.178147284582877319e-01 3.519093633336140003e-02 1.469943352083508681e-01
8.178147284582877319e-01 1.469943352083508681e-01 3.519093633336140003e-02
9.296181273332773110e-01 3.519093633336140003e-02 3.519093633336140003e-02
