0.000000000000000000e+00 0.000000000000000000e+00 1.000000000000000000e+00
0.000000000000000000e+00 1.057560413442770325e-01 8.942439586557229259e-01
0.000000000000000000e+00 2.945414705086609741e-01 7.054585294913389149e-01
0.000000000000000000e+00 4.396905592750104397e-01 5.603094407249895603e-01
0.000000000000000000e+00 5.326861149986182875e-01 4.673138850013817680e-01
0.000000000000000000e+00 7.118992431103632335e-01 2.881007568896367110e-01
0.000000000000000000e+00 8.791539349994857977e-01 1.208460650005141329e-01
0.000000000000000000e+00 1.000000000000000000e+00 0.000000000000000000e+00
1.233117222336763685e-01 0.000000000000000000e+00 8.766882777663235204e-01
1.439498449933082902e-01 1.753582638831764628e-01 6.806918911235153580e-01
1.614012174882844541e-01 2.965869099086511085e-01 5.420118726030642708e-01
1.576892352267298680e-01 4.471939113450030256e-01 3.951168534282669120e-01
1.422884120949186870e-01 5.457452881766727826e-01 3.119662997284085582e-01
1.615917555780081727e-01 7.019556495543304298e-01 1.364525948676611755e-01
1.395755082289072690e-01 8.604244917710927032e-01 0.000000000000000000e+00
3.430627997086223013e-01 0.000000000000000000e+00 6.569372002913776987e-01
3.027334812310062961e-01 1.184469615354857008e-01 5.788195572335077532e-01
3.201193079114630358e-01 2.802481257988190810e-01 3.996325662897177722e-01
2.873390303936552148e-01 4.435700429258035427e-01 2.690909266805411870e-01
3.252741949264335020e-01 5.313776298979051571e-01 1.433481751756613409e-01
3.256902715429249029e-01 6.743097284570749306e-01 0.000000000000000000e+00
4.639545614199248047e-01 0.000000000000000000e+00 5.360454385800751398e-01
4.165469193829015038e-01 1.453796927138272521e-01 4.380733879032711053e-01
4.340588461164591183e-01 2.953993290998711552e-01 2.705418247836698376e-01
4.301296619515183606e-01 4.342263645979769215e-01 1.356439734505046069e-01
4.703347775203721715e-01 5.296652224796276620e-01 0.000000000000000000e+00
5.394816697991848820e-01 0.000000000000000000e+00 4.605183302008150625e-01
5.638957471764655116e-01 1.536616193390153429e-01 2.824426334845192010e-01
5.472157461193831729e-01 3.212634161449476888e-01 1.315208377356691105e-01
5.617453339018287917e-01 4.382546660981710418e-01 0.000000000000000000e+00
7.202347317781705449e-01 0.000000000000000000e+00 2.797652682218292886e-01
7.233948637728842002e-01 1.122321729930493700e-01 1.643729632340664715e-01
7.633354237477668613e-01 2.366645762522331387e-01 0.000000000000000000e+00
9.048052020728413192e-01 0.000000000000000000e+00 9.519479792715852817e-02
8.694169797341932959e-01 1.305830202658065931e-01 0.000000000000000000e+00
1.000000000000000000e+00 0.000000000000000000e+00 0.000000000000000000e+00
