0.000000000000000000e+00 0.000000000000000000e+00 1.000000000000000000e+00
0.000000000000000000e+00 1.865829927248815745e-01 8.134170072751183422e-01
0.000000000000000000e+00 2.786170646318905653e-01 7.213829353681094902e-01
0.000000000000000000e+00 4.655376460916164083e-01 5.344623539083835917e-01
0.000000000000000000e+00 5.080391624186275656e-01 4.919608375813723233e-01
0.000000000000000000e+00 7.614956870153802848e-01 2.385043129846197429e-01
0.000000000000000000e+00 9.347544943753601787e-01 6.524550562463989067e-02
0.000000000000000000e+00 1.000000000000000000e+00 0.000000000000000000e+00
1.898482361307503863e-01 0.000000000000000000e+00 8.101517638692496970e-01
1.442042018904060030e-01 9.476747259476862861e-02 7.610283255148252435e-01
9.171175250848227767e-02 3.064737419120501793e-01 6.018145055794675846e-01
1.647102797498751769e-01 3.932808766782847076e-01 4.420088435718399489e-01
1.198345517543071559e-01 6.112366242883645606e-01 2.689288239573282557e-01
1.063581447574426520e-01 7.921939939214107662e-01 1.014478613211466512e-01
4.142104614745727859e-02 9.585789538525426590e-01 0.000000000000000000e+00
2.928907468715880036e-01 0.000000000000000000e+00 7.071092531284118854e-01
1.963194145443399319e-01 2.101677724143392323e-01 5.935128130413207526e-01
2.808594882362445144e-01 3.450107024108157727e-01 3.741298093529397684e-01
2.226616457770303203e-01 5.289300261837085460e-01 2.484083280392609672e-01
2.927729847433051535e-01 5.903715087650751592e-01 1.168555064916195624e-01
3.857677127018739882e-01 6.142322872981259563e-01 0.000000000000000000e+00
3.692303382931338973e-01 0.000000000000000000e+00 6.307696617068661027e-01
3.299930634273983143e-01 1.800372519522540071e-01 4.899696846203478451e-01
3.268872755286036380e-01 4.056882612031330049e-01 2.674244632682631351e-01
3.769595670033805135e-01 4.806406170421019253e-01 1.423998159545174502e-01
5.073279824541300220e-01 4.926720175458699225e-01 0.000000000000000000e+00
5.237399585415425385e-01 0.000000000000000000e+00 4.762600414584575170e-01
6.175815038497356468e-01 1.215644864864284108e-01 2.608540096638359840e-01
6.370340566440344521e-01 3.062869661249983388e-01 5.667897723096727847e-02
6.576738923344469523e-01 3.423261076655530477e-01 0.000000000000000000e+00
8.080131495419037302e-01 0.000000000000000000e+00 1.919868504580962976e-01
7.907350676331926786e-01 8.158431384501260708e-02 1.276806185217946865e-01
8.182802989781270409e-01 1.817197010218730702e-01 0.000000000000000000e+00
9.022698854857600370e-01 0.000000000000000000e+00 9.773011451423994911e-02
9.267155401937023917e-01 7.328445980629766376e-02 0.000000000000000000e+00
1.000000000000000000e+00 0.000000000000000000e+00 0.000000000000000000e+00
