0.000000000000000000e+00 0.000000000000000000e+00 1.000000000000000000e+00
0.000000000000000000e+00 1.047719512523346552e-01 8.952280487476652615e-01
0.000000000000000000e+00 2.342060045212592811e-01 7.657939954787407189e-01
0.000000000000000000e+00 4.765590953608766500e-01 5.234409046391234055e-01
0.000000000000000000e+00 5.451811564667670140e-01 4.548188435332330970e-01
0.000000000000000000e+00 7.293182104885962413e-01 2.706817895114037587e-01
0.000000000000000000e+00 9.015423158008675220e-01 9.845768419913245029e-02
0.000000000000000000e+00 1.000000000000000000e+00 0.000000000000000000e+00
1.719843325424777192e-01 0.000000000000000000e+00 8.280156674575223086e-01
9.897605240328201381e-02 1.617054722858530247e-01 7.393184753108650309e-01
1.729580670272516663e-01 2.089096881559397989e-01 6.181322448168086181e-01
1.182446057784052734e-01 4.870245570247143663e-01 3.947308371968804019e-01
7.527452180504527746e-02 6.526570392274407828e-01 2.720684389675140369e-01
6.618511418743290575e-02 7.682796858316551791e-01 1.655351999809119845e-01
1.149585247478513012e-01 8.850414752521486017e-01 0.000000000000000000e+00
2.790938663378020324e-01 0.000000000000000000e+00 7.209061336621980232e-01
2.815196030466279864e-01 1.201453851950362584e-01 5.983350117583355887e-01
3.335731124154970306e-01 2.206577253069091360e-01 4.457691622775938889e-01
2.886083817275811869e-01 4.395721629262157593e-01 2.718194553462029428e-01
3.214070080813692387e-01 5.320284807627957413e-01 1.465645111558348812e-01
2.941267505779893154e-01 7.058732494220105735e-01 0.000000000000000000e+00
4.773472642944172062e-01 0.000000000000000000e+00 5.226527357055826828e-01
4.669989999674881154e-01 9.196908799532810264e-02 4.410319120371837265e-01
4.098055482094025148e-01 2.420198529152453593e-01 3.481745988753520704e-01
4.240827978480026794e-01 3.842798912110296783e-01 1.916373109409675035e-01
3.918247822549395520e-01 6.081752177450603369e-01 0.000000000000000000e+00
6.702219283496104740e-01 0.000000000000000000e+00 3.297780716503895815e-01
5.612561714243899935e-01 1.328222583990504024e-01 3.059215701765596318e-01
5.107190993239246746e-01 3.347215104056816548e-01 1.545593902703937816e-01
5.358837048510152190e-01 4.641162951489845589e-01 0.000000000000000000e+00
7.903024700114245071e-01 0.000000000000000000e+00 2.096975299885754929e-01
6.726984773283625207e-01 2.271580151292480476e-01 1.001435075423894316e-01
7.058542321844722967e-01 2.941457678155278699e-01 0.000000000000000000e+00
8.575214656665307578e-01 0.000000000000000000e+00 1.424785343334690757e-01
8.604256086356913968e-01 1.395743913643085199e-01 0.000000000000000000e+00
1.000000000000000000e+00 0.000000000000000000e+00 0.000000000000000000e+00
