0.000000000000000000e+00 0.000000000000000000e+00 1.000000000000000000e+00
0.000000000000000000e+00 1.390759798786548873e-01 8.609240201213450572e-01
0.000000000000000000e+00 2.981947213143028019e-01 7.018052786856973091e-01
0.000000000000000000e+00 4.432506762839709680e-01 5.567493237160290320e-01
0.000000000000000000e+00 6.072052542175705447e-01 3.927947457824296218e-01
0.000000000000000000e+00 7.125768912469573335e-01 2.874231087530426110e-01
0.000000000000000000e+00 8.457790356185680425e-01 1.542209643814321240e-01
0.000000000000000000e+00 1.000000000000000000e+00 0.000000000000000000e+00
1.603965041978528405e-01 0.000000000000000000e+00 8.396034958021471040e-01
1.412252527695559978e-01 1.501145750522866196e-01 7.086601721781574659e-01
1.193711717546963313e-01 3.008018448904539177e-01 5.798269833548498342e-01
1.444353299133697421e-01 4.256088203317454632e-01 4.299558497548848779e-01
1.325025030337148857e-01 5.645972785518605930e-01 3.029002184144245491e-01
1.428571428571428492e-01 7.142857142857143016e-01 1.428571428571428492e-01
1.509513064656852477e-01 8.490486935343146691e-01 0.000000000000000000e+00
2.857142857142856984e-01 0.000000000000000000e+00 7.142857142857143016e-01
2.835465076574286147e-01 1.533730728115443309e-01 5.630804195310269433e-01
2.733614690130169445e-01 2.868819767513474117e-01 4.397565542356355883e-01
2.907638043385425974e-01 4.269642938577102864e-01 2.822719018037471717e-01
2.924901032484334973e-01 5.895254211343403661e-01 1.179844756172262338e-01
2.794665891663678514e-01 7.205334108336320931e-01 0.000000000000000000e+00
4.402643320523326187e-01 0.000000000000000000e+00 5.597356679476673813e-01
4.205049619169229924e-01 1.315257648522176470e-01 4.479692732308593883e-01
4.290207658845946459e-01 2.907858367551974799e-01 2.801933973602078187e-01
4.308955088353959018e-01 4.262018688482293038e-01 1.429026223163748499e-01
4.402956525886599914e-01 5.597043474113400086e-01 0.000000000000000000e+00
5.850407367067492759e-01 0.000000000000000000e+00 4.149592632932506686e-01
5.777842422427429403e-01 1.420872737761008642e-01 2.801284839811561955e-01
5.743073970807783812e-01 2.972443674399326552e-01 1.284482354792888803e-01
5.754517065522073427e-01 4.245482934477924908e-01 0.000000000000000000e+00
6.910637644811268299e-01 0.000000000000000000e+00 3.089362355188731146e-01
7.048908136877456432e-01 1.558461691979119157e-01 1.392630171143422191e-01
7.162902888782073374e-01 2.837097111217927736e-01 0.000000000000000000e+00
8.271208081952748925e-01 0.000000000000000000e+00 1.728791918047250242e-01
8.527325425334206788e-01 1.472674574665793490e-01 0.000000000000000000e+00
1.000000000000000000e+00 0.000000000000000000e+00 0.000000000000000000e+00
