0.000000000000000000e+00 0.000000000000000000e+00 1.000000000000000000e+00
0.000000000000000000e+00 1.827678299506975967e-01 8.172321700493022645e-01
0.000000000000000000e+00 3.395916322892084671e-01 6.604083677107914774e-01
0.000000000000000000e+00 4.451282737183155924e-01 5.548717262816844631e-01
0.000000000000000000e+00 6.268260118780970558e-01 3.731739881219027777e-01
0.000000000000000000e+00 7.434392081397843688e-01 2.565607918602156312e-01
0.000000000000000000e+00 1.000000000000000000e+00 0.000000000000000000e+00
1.351263060808371719e-01 0.000000000000000000e+00 8.648736939191629114e-01
1.491961666790489471e-01 1.701348824044205676e-01 6.806689509165305685e-01
1.594308857642847965e-01 3.177885878474711601e-01 5.227805263882440157e-01
2.489744049538007431e-01 4.615125294451968285e-01 2.895130656010024284e-01
1.607746375858126464e-01 6.583720980829359526e-01 1.808532643312512900e-01
1.204132888035115423e-01 8.795867111964883467e-01 0.000000000000000000e+00
3.092389213495553846e-01 0.000000000000000000e+00 6.907610786504445599e-01
3.125854119839827083e-01 1.910016534785085596e-01 4.964129345375087876e-01
3.573441034506572578e-01 3.045730602011226251e-01 3.380828363482199506e-01
3.846756388990916764e-01 4.080052845355721658e-01 2.073190765653361300e-01
2.328716480827171531e-01 7.671283519172829024e-01 0.000000000000000000e+00
5.484173681027061376e-01 0.000000000000000000e+00 4.515826318972938624e-01
5.319179005396663662e-01 1.046237160565467728e-01 3.634583834037868888e-01
5.180130213229015013e-01 2.660267981346844945e-01 2.159601805424139764e-01
6.150521873660639294e-01 3.849478126339360151e-01 0.000000000000000000e+00
6.658036242966889340e-01 0.000000000000000000e+00 3.341963757033109550e-01
6.654769296182845295e-01 1.675266813651762610e-01 1.669963890165390985e-01
6.933678577242915475e-01 3.066321422757085635e-01 0.000000000000000000e+00
8.459908392415432798e-01 0.000000000000000000e+00 1.540091607584567202e-01
8.668849189008092093e-01 1.331150810991907352e-01 0.000000000000000000e+00
1.000000000000000000e+00 0.000000000000000000e+00 0.000000000000000000e+00
