0.000000000000000000e+00 0.000000000000000000e+00 1.000000000000000000e+00
0.000000000000000000e+00 1.991593576413772382e-01 8.008406423586227341e-01
0.000000000000000000e+00 3.333333333333333148e-01 6.666666666666666297e-01
0.000000000000000000e+00 5.000000000000000000e-01 5.000000000000000000e-01
0.000000000000000000e+00 6.519340170521719102e-01 3.480659829478279788e-01
0.000000000000000000e+00 8.125081320644824689e-01 1.874918679355175311e-01
0.000000000000000000e+00 1.000000000000000000e+00 0.000000000000000000e+00
1.257755153649818824e-01 0.000000000000000000e+00 8.742244846350180065e-01
2.200058089524299376e-01 1.804792924610883476e-01 5.995148985864817703e-01
1.666666666666666574e-01 3.333333333333333148e-01 5.000000000000000000e-01
1.964827477871874117e-01 4.976745938544077097e-01 3.058426583584048508e-01
1.362649875309253078e-01 7.024675474688985011e-01 1.612674650001763021e-01
1.582382418010191694e-01 8.417617581989808029e-01 0.000000000000000000e+00
2.953460805627459163e-01 0.000000000000000000e+00 7.046539194372540837e-01
3.367550181674755505e-01 1.710202084593079874e-01 4.922247733732164066e-01
3.407114289178649336e-01 3.214114090640383115e-01 3.378771620180966995e-01
3.462766457286313715e-01 5.052689610467064885e-01 1.484543932246621400e-01
2.862991775093288171e-01 7.137008224906712384e-01 0.000000000000000000e+00
4.565278804492252096e-01 0.000000000000000000e+00 5.434721195507747904e-01
4.652766781700554688e-01 1.784282181656645094e-01 3.562951036642800218e-01
5.205908551337256052e-01 3.196324958206182565e-01 1.597766490456560551e-01
4.390750295909813805e-01 5.609249704090186750e-01 0.000000000000000000e+00
7.088239435922374376e-01 0.000000000000000000e+00 2.911760564077623958e-01
6.910464709031428621e-01 1.823936790300864086e-01 1.265598500667705906e-01
7.142564478820866425e-01 2.857435521179133575e-01 0.000000000000000000e+00
8.362336476575634725e-01 0.000000000000000000e+00 1.637663523424364442e-01
8.900573794168208375e-01 1.099426205831793013e-01 0.000000000000000000e+00
1.000000000000000000e+00 0.000000000000000000e+00 0.000000000000000000e+00
