0.000000000000000000e+00 0.000000000000000000e+00 1.000000000000000000e+00
0.000000000000000000e+00 1.672249201660915841e-01 8.327750798339085270e-01
0.000000000000000000e+00 4.901298265450542702e-01 5.098701734549456743e-01
0.000000000000000000e+00 6.091418974727311753e-01 3.908581025272689358e-01
0.000000000000000000e+00 8.899871462114519183e-01 1.100128537885482760e-01
0.000000000000000000e+00 9.565918176798544614e-01 4.340818232014552469e-02
0.000000000000000000e+00 1.000000000000000000e+00 0.000000000000000000e+00
2.059636395923775121e-01 0.000000000000000000e+00 7.940363604076225990e-01
5.972378094068052368e-02 2.203762371947123599e-01 7.198999818646072413e-01
1.997234050967666708e-01 3.429519059755871679e-01 4.573246889276461058e-01
1.896556008228808266e-01 5.381957036738163058e-01 2.721486955033029509e-01
2.223319265170388137e-01 6.706564578772337137e-01 1.070116156057274726e-01
2.318323319060995313e-01 7.681676680939003576e-01 0.000000000000000000e+00
3.380005952239558686e-01 0.000000000000000000e+00 6.619994047760443534e-01
2.179674997552682736e-01 1.779007511692369814e-01 6.041317490754947173e-01
3.956636119281419228e-01 3.277400158561728505e-01 2.765963722156850602e-01
2.635102486857754944e-01 5.285291100584307289e-01 2.079606412557937767e-01
3.355298935957836681e-01 6.644701064042162209e-01 0.000000000000000000e+00
6.051120748539042804e-01 0.000000000000000000e+00 3.948879251460955531e-01
6.050746770455894818e-01 9.241510843915347329e-02 3.025102145152568367e-01
4.912902076328051759e-01 3.994505867528379550e-01 1.092592056143568136e-01
4.210671716275383170e-01 5.789328283724615165e-01 0.000000000000000000e+00
6.657036844996430114e-01 0.000000000000000000e+00 3.342963155003567666e-01
6.716378767758530710e-01 2.131803622474203463e-01 1.151817609767265410e-01
7.411301438370063721e-01 2.588698561629935724e-01 0.000000000000000000e+00
8.920923858265465967e-01 0.000000000000000000e+00 1.079076141734532923e-01
8.354459002868214190e-01 1.645540997131785255e-01 0.000000000000000000e+00
1.000000000000000000e+00 0.000000000000000000e+00 0.000000000000000000e+00
