0.000000000000000000e+00 0.000000000000000000e+00 1.000000000000000000e+00
0.000000000000000000e+00 1.666666666666666574e-01 8.333333333333333703e-01
0.000000000000000000e+00 3.478360095385424899e-01 6.521639904614574546e-01
0.000000000000000000e+00 5.041997220815187530e-01 4.958002779184810804e-01
0.000000000000000000e+00 6.627290542479344904e-01 3.372709457520654541e-01
0.000000000000000000e+00 8.459785869076674736e-01 1.540214130923324987e-01
0.000000000000000000e+00 1.000000000000000000e+00 0.000000000000000000e+00
1.330195897486985135e-01 0.000000000000000000e+00 8.669804102513014588e-01
1.776397918510316809e-01 1.625339014122434422e-01 6.598263067367248214e-01
1.694643907679328210e-01 3.300457022915549987e-01 5.004899069405122081e-01
1.639033349523726646e-01 4.931846150780994087e-01 3.429120499695278990e-01
1.812772833589743893e-01 6.620413248315470955e-01 1.566813918094785707e-01
1.597265917822587589e-01 8.402734082177412134e-01 0.000000000000000000e+00
3.333333333333333148e-01 0.000000000000000000e+00 6.666666666666666297e-01
3.251415440358881859e-01 1.654264692427795669e-01 5.094319867213322750e-01
3.567131823426500370e-01 3.401624439749700857e-01 3.031243736823798773e-01
3.350003270292575275e-01 4.878467351168914723e-01 1.771529378538509725e-01
3.476038881778533152e-01 6.523961118221465183e-01 0.000000000000000000e+00
4.972078342008025009e-01 0.000000000000000000e+00 5.027921657991976101e-01
5.090370951842021485e-01 1.553527557032523265e-01 3.356101491125456082e-01
4.769332902258082152e-01 3.335305912364665559e-01 1.895361185377250068e-01
4.963749843842629184e-01 5.036250156157371372e-01 0.000000000000000000e+00
6.848554899775206595e-01 0.000000000000000000e+00 3.151445100224793405e-01
6.583680775539652030e-01 1.615183078487256452e-01 1.801136145973091240e-01
6.797489917889205646e-01 3.202510082110793799e-01 0.000000000000000000e+00
8.477420485297302299e-01 0.000000000000000000e+00 1.522579514702698533e-01
8.419096719921548289e-01 1.580903280078452267e-01 0.000000000000000000e+00
1.000000000000000000e+00 0.000000000000000000e+00 0.000000000000000000e+00
