7.513444358617221708e-02 7.513444358617221708e-02 8.497311128276556769e-01
7.513444358617221708e-02 1.857911106206698304e-01 7.390744457931579525e-01
7.513444358617221708e-02 2.964477776551674437e-01 6.284177787586603392e-01
7.513444358617221708e-02 4.071044446896650570e-01 5.177611117241627259e-01
7.513444358617221708e-02 5.177611117241627259e-01 4.071044446896650570e-01
7.513444358617221708e-02 6.284177787586603392e-01 2.964477776551674437e-01
7.513444358617221708e-02 7.390744457931579525e-01 1.857911106206698304e-01
7.513444358617221708e-02 8.497311128276556769e-01 7.513444358617221708e-02
1.857911106206698304e-01 7.513444358617221708e-02 7.390744457931579525e-01
1.857911106206698304e-01 1.857911106206698304e-01 6.284177787586603392e-01
1.857911106206698304e-01 2.964477776551674437e-01 5.177611117241627259e-01
1.857911106206698304e-01 4.071044446896650570e-01 4.071044446896650570e-01
1.857911106206698304e-01 5.177611117241627259e-01 2.964477776551674437e-01
1.857911106206698304e-01 6.284177787586603392e-01 1.857911106206698304e-01
1.857911106206698304e-01 7.390744457931579525e-01 7.513444358617221708e-02
2.964477776551674437e-01 7.513444358617221708e-02 6.284177787586603392e-01
2.964477776551674437e-01 1.857911106206698304e-01 5.177611117241627259e-01
2.964477776551674437e-01 2.964477776551674437e-01 4.071044446896650570e-01
2.964477776551674437e-01 4.071044446896650570e-01 2.964477776551674437e-01
2.964477776551674437e-01 5.177611117241627259e-01 1.857911106206698304e-01
2.964477776551674437e-01 6.284177787586603392e-01 7.513444358617221708e-02
4.071044446896650570e-01 7.513444358617221708e-02 5.177611117241627259e-01
4.071044446896650570e-01 1.857911106206698304e-01 4.071044446896650570e-01
4.071044446896650570e-01 2.964477776551674437e-01 2.964477776551674437e-01
4.071044446896650570e-01 4.071044446896650570e-01 1.857911106206698304e-01
4.071044446896650570e-01 5.177611117241627259e-01 7.513444358617221708e-02
5.177611117241627259e-01 7.513444358617221708e-02 4.071044446896650570e-01
5.177611117241627259e-01 1.857911106206698304e-01 2.964477776551674437e-01
5.177611117241627259e-01 2.964477776551674437e-01 1.857911106206698304e-01
5.177611117241627259e-01 4.071044446896650570e-01 7.513444358617221708e-02
6.284177787586603392e-01 7.513444358617221708e-02 2.964477776551674437e-01
6.284177787586603392e-01 1.857911106206698304e-01 1.857911106206698304e-01
6.284177787586603392e-01 2.964477776551674437e-01 7.513444358617221708e-02
7.390744457931579525e-01 7.513444358617221708e-02 1.857911106206698304e-01
7.390744457931579525e-01 1.857911106206698304e-01 7.513444358617221708e-02
8.497311128276556769e-01 7.513444358617221708e-02 7.513444358617221708e-02
