5.444665782197483095e-02 5.444665782197483095e-02 8.911066843560504491e-01
5.444665782197483095e-02 1.739695187554141653e-01 7.715838234226108927e-01
5.444665782197483095e-02 2.934923796888535552e-01 6.520609624891716694e-01
5.444665782197483095e-02 4.130152406222928896e-01 5.325381015557322240e-01
5.444665782197483095e-02 5.325381015557322240e-01 4.130152406222928896e-01
5.444665782197483095e-02 6.520609624891716694e-01 2.934923796888535552e-01
5.444665782197483095e-02 7.715838234226108927e-01 1.739695187554141653e-01
5.444665782197483095e-02 8.911066843560504491e-01 5.444665782197483095e-02
1.739695187554141653e-01 5.444665782197483095e-02 7.715838234226108927e-01
1.739695187554141653e-01 1.739695187554141653e-01 6.520609624891716694e-01
1.739695187554141653e-01 2.934923796888535552e-01 5.325381015557322240e-01
1.739695187554141653e-01 4.130152406222928896e-01 4.130152406222928896e-01
1.739695187554141653e-01 5.325381015557322240e-01 2.934923796888535552e-01
1.739695187554141653e-01 6.520609624891716694e-01 1.739695187554141653e-01
1.739695187554141653e-01 7.715838234226108927e-01 5.444665782197483095e-02
2.934923796888535552e-01 5.444665782197483095e-02 6.520609624891716694e-01
2.934923796888535552e-01 1.739695187554141653e-01 5.325381015557322240e-01
2.934923796888535552e-01 2.934923796888535552e-01 4.130152406222928896e-01
2.934923796888535552e-01 4.130152406222928896e-01 2.934923796888535552e-01
2.934923796888535552e-01 5.325381015557322240e-01 1.739695187554141653e-01
2.934923796888535552e-01 6.520609624891716694e-01 5.444665782197483095e-02
4.130152406222928896e-01 5.444665782197483095e-02 5.325381015557322240e-01
4.130152406222928896e-01 1.739695187554141653e-01 4.130152406222928896e-01
4.130152406222928896e-01 2.934923796888535552e-01 2.934923796888535552e-01
4.130152406222928896e-01 4.130152406222928896e-01 1.739695187554141653e-01
4.130152406222928896e-01 5.325381015557322240e-01 5.444665782197483095e-02
5.325381015557322240e-01 5.444665782197483095e-02 4.130152406222928896e-01
5.325381015557322240e-01 1.739695187554141653e-01 2.934923796888535552e-01
5.325381015557322240e-01 2.934923796888535552e-01 1.739695187554141653e-01
5.325381015557322240e-01 4.130152406222928896e-01 5.444665782197483095e-02
6.520609624891716694e-01 5.444665782197483095e-02 2.934923796888535552e-01
6.520609624891716694e-01 1.739695187554141653e-01 1.739695187554141653e-01
6.520609624891716694e-01 2.934923796888535552e-01 5.444665782197483095e-02
7.715838234226108927e-01 5.444665782197483095e-02 1.739695187554141653e-01
7.715838234226108927e-01 1.739695187554141653e-01 5.444665782197483095e-02
8.911066843560504491e-01 5.444665782197483095e-02 5.444665782197483095e-02
