3.519093633336140003e-02 3.519093633336140003e-02 9.296181273332773110e-01
3.519093633336140003e-02 1.629662493333493556e-01 8.018428143332891889e-01
3.519093633336140003e-02 2.907415623333373111e-01 6.740675013333012888e-01
3.519093633336140003e-02 4.185168753333252667e-01 5.462921883333132778e-01
3.519093633336140003e-02 5.462921883333132778e-01 4.185168753333252667e-01
3.519093633336140003e-02 6.740675013333012888e-01 2.907415623333373111e-01
3.519093633336140003e-02 8.018428143332891889e-01 1.629662493333493556e-01
3.519093633336140003e-02 9.296181273332773110e-01 3.519093633336140003e-02
1.629662493333493556e-01 3.519093633336140003e-02 8.018428143332891889e-01
1.629662493333493556e-01 1.629662493333493556e-01 6.740675013333012888e-01
1.629662493333493556e-01 2.907415623333373111e-01 5.462921883333132778e-01
1.629662493333493556e-01 4.185168753333252667e-01 4.185168753333252667e-01
1.629662493333493556e-01 5.462921883333132778e-01 2.907415623333373111e-01
1.629662493333493556e-01 6.740675013333012888e-01 1.629662493333493556e-01
1.629662493333493556e-01 8.018428143332891889e-01 3.519093633336140003e-02
2.907415623333373111e-01 3.519093633336140003e-02 6.740675013333012888e-01
2.907415623333373111e-01 1.629662493333493556e-01 5.462921883333132778e-01
2.907415623333373111e-01 2.907415623333373111e-01 4.185168753333252667e-01
2.907415623333373111e-01 4.185168753333252667e-01 2.907415623333373111e-01
2.907415623333373111e-01 5.462921883333132778e-01 1.629662493333493556e-01
2.907415623333373111e-01 6.740675013333012888e-01 3.519093633336140003e-02
4.185168753333252667e-01 3.519093633336140003e-02 5.462921883333132778e-01
4.185168753333252667e-01 1.629662493333493556e-01 4.185168753333252667e-01
4.185168753333252667e-01 2.907415623333373111e-01 2.907415623333373111e-01
4.185168753333252667e-01 4.185168753333252667e-01 1.629662493333493556e-01
4.185168753333252667e-01 5.462921883333132778e-01 3.519093633336140003e-02
5.462921883333132778e-01 3.519093633336140003e-02 4.185168753333252667e-01
5.462921883333132778e-01 1.629662493333493556e-01 2.907415623333373111e-01
5.462921883333132778e-01 2.907415623333373111e-01 1.629662493333493556e-01
5.462921883333132778e-01 4.185168753333252667e-01 3.519093633336140003e-02
6.740675013333012888e-01 3.519093633336140003e-02 2.907415623333373111e-01
6.740675013333012888e-01 1.629662493333493556e-01 1.629662493333493556e-01
6.740675013333012888e-01 2.907415623333373111e-01 3.519093633336140003e-02
8.018428143332891889e-01 3.519093633336140003e-02 1.629662493333493556e-01
8.018428143332891889e-01 1.629662493333493556e-01 3.519093633336140003e-02
9.296181273332773110e-01 3.519093633336140003e-02 3.519093633336140003e-02
