1.710556731649542916e-02 1.710556731649542916e-02 9.657888653670092527e-01
1.710556731649542916e-02 1.526317527522830786e-01 8.302626799312213812e-01
1.710556731649542916e-02 2.881579381880707835e-01 6.947364944954338428e-01
1.710556731649542916e-02 4.236841236238584329e-01 5.592103090596460824e-01
1.710556731649542916e-02 5.592103090596460824e-01 4.236841236238584329e-01
1.710556731649542916e-02 6.947364944954338428e-01 2.881579381880707835e-01
1.710556731649542916e-02 8.302626799312213812e-01 1.526317527522830786e-01
1.710556731649542916e-02 9.657888653670092527e-01 1.710556731649542916e-02
1.526317527522830786e-01 1.710556731649542916e-02 8.302626799312213812e-01
1.526317527522830786e-01 1.526317527522830786e-01 6.947364944954338428e-01
1.526317527522830786e-01 2.881579381880707835e-01 5.592103090596460824e-01
1.526317527522830786e-01 4.236841236238584329e-01 4.236841236238584329e-01
1.526317527522830786e-01 5.592103090596460824e-01 2.881579381880707835e-01
1.526317527522830786e-01 6.947364944954338428e-01 1.526317527522830786e-01
1.526317527522830786e-01 8.302626799312213812e-01 1.710556731649542916e-02
2.881579381880707835e-01 1.710556731649542916e-02 6.947364944954338428e-01
2.881579381880707835e-01 1.526317527522830786e-01 5.592103090596460824e-01
2.881579381880707835e-01 2.881579381880707835e-01 4.236841236238584329e-01
2.881579381880707835e-01 4.236841236238584329e-01 2.881579381880707835e-01
2.881579381880707835e-01 5.592103090596460824e-01 1.526317527522830786e-01
2.881579381880707835e-01 6.947364944954338428e-01 1.710556731649542916e-02
4.236841236238584329e-01 1.710556731649542916e-02 5.592103090596460824e-01
4.236841236238584329e-01 1.526317527522830786e-01 4.236841236238584329e-01
4.236841236238584329e-01 2.881579381880707835e-01 2.881579381880707835e-01
4.236841236238584329e-01 4.236841236238584329e-01 1.526317527522830786e-01
4.236841236238584329e-01 5.592103090596460824e-01 1.710556731649542916e-02
5.592103090596460824e-01 1.710556731649542916e-02 4.236841236238584329e-01
5.592103090596460824e-01 1.526317527522830786e-01 2.881579381880707835e-01
5.592103090596460824e-01 2.881579381880707835e-01 1.526317527522830786e-01
5.592103090596460824e-01 4.236841236238584329e-01 1.710556731649542916e-02
6.947364944954338428e-01 1.710556731649542916e-02 2.881579381880707835e-01
6.947364944954338428e-01 1.526317527522830786e-01 1.526317527522830786e-01
6.947364944954338428e-01 2.881579381880707835e-01 1.710556731649542916e-02
8.302626799312213812e-01 1.710556731649542916e-02 1.526317527522830786e-01
8.302626799312213812e-01 1.526317527522830786e-01 1.710556731649542916e-02
9.657888653670092527e-01 1.710556731649542916e-02 1.710556731649542916e-02
