0.000000000000000000e+00 0.000000000000000000e+00 1.000000000000000000e+00
0.000000000000000000e+00 1.152205473121491047e-01 8.847794526878508536e-01
0.000000000000000000e+00 1.586563600414490627e-01 8.413436399585508818e-01
0.000000000000000000e+00 1.853912746766289144e-01 8.146087253233709191e-01
0.000000000000000000e+00 3.567843632591881642e-01 6.432156367408118358e-01
0.000000000000000000e+00 3.879872390780342295e-01 6.120127609219658815e-01
0.000000000000000000e+00 4.728768557513263193e-01 5.271231442486736807e-01
0.000000000000000000e+00 5.517942919427993864e-01 4.482057080572007246e-01
0.000000000000000000e+00 6.836616706491952522e-01 3.163383293508050254e-01
0.000000000000000000e+00 7.478601088159153587e-01 2.521398911840848633e-01
0.000000000000000000e+00 8.452062520841072679e-01 1.547937479158928709e-01
0.000000000000000000e+00 9.581908944978886344e-01 4.180910550211144189e-02
0.000000000000000000e+00 1.000000000000000000e+00 0.000000000000000000e+00
3.087140550260381033e-02 0.000000000000000000e+00 9.691285944973961897e-01
8.342681649034533464e-02 1.348382808928397791e-01 7.817349026168147752e-01
9.449288364332127099e-02 1.836660013057575258e-01 7.218411150509210783e-01
5.207308765777084181e-02 2.801505871254063029e-01 6.677763252168228414e-01
5.405795817024097033e-02 3.461408224272207734e-01 5.998012194025382771e-01
1.066634562638932998e-01 3.953172979510180540e-01 4.980192457850886045e-01
1.433487078815043891e-01 4.685170459525133668e-01 3.881342461659821885e-01
4.556051048676625775e-02 6.088865601490672796e-01 3.455529293641664834e-01
4.427228878217435298e-02 7.295875909917380886e-01 2.261401202260877319e-01
6.349434075172753766e-02 7.699874267920289173e-01 1.665182324562435590e-01
9.732866143937982106e-02 8.127070848708889406e-01 8.996425368973130776e-02
1.062215480110730026e-01 8.937784519889269141e-01 0.000000000000000000e+00
1.333654026072070009e-01 0.000000000000000000e+00 8.666345973927931379e-01
1.301867307182843214e-01 1.111845567178597199e-01 7.586287125638561113e-01
1.378743493124915398e-01 2.019446000465581481e-01 6.601810506409502288e-01
1.268218024829643742e-01 2.707425658751361763e-01 6.024356316418997270e-01
1.453911746304867580e-01 3.696244819226436329e-01 4.849843434468695258e-01
1.826443025606529491e-01 4.151672448918765634e-01 4.021884525474704875e-01
1.863641408203691452e-01 5.203091498719286667e-01 2.933267093077021603e-01
1.346052889759653814e-01 6.745025475749076849e-01 1.908921634491269337e-01
1.239734061673562066e-01 7.246234195544726253e-01 1.514031742781712930e-01
1.409363129381634161e-01 7.807646981405939046e-01 7.829898892124255438e-02
1.360004771303816584e-01 8.639995228696184526e-01 0.000000000000000000e+00
2.113113718619131776e-01 0.000000000000000000e+00 7.886886281380869335e-01
2.820147005931287754e-01 5.820417114180845980e-02 6.597811282650629661e-01
2.872578501314164701e-01 1.157979597940126254e-01 5.969441900745708907e-01
2.399452695117610390e-01 2.515651925226159435e-01 5.084895379656231285e-01
2.053762731891460858e-01 3.756469039519299002e-01 4.189768228589239030e-01
2.676173255705470710e-01 4.196769661714655486e-01 3.127057082579876024e-01
2.869684383095820746e-01 4.389277724889842358e-01 2.741037892014338562e-01
2.449375240159360478e-01 6.519317186687827448e-01 1.031307573152811380e-01
2.285517484641359232e-01 7.228316066522172401e-01 4.861664488364675352e-02
1.956516908091840978e-01 8.043483091908159022e-01 0.000000000000000000e+00
3.224264275401894642e-01 0.000000000000000000e+00 6.775735724598107579e-01
3.306654052901420449e-01 4.057500815103942671e-02 6.287595865588185839e-01
3.249398527227901345e-01 1.851369484802838916e-01 4.899231987969259183e-01
2.988451411102716060e-01 2.252260816587009773e-01 4.759287772310275555e-01
2.848146327078764917e-01 3.392933007907919518e-01 3.758920665013316120e-01
3.293471356824240748e-01 4.307548339400764092e-01 2.398980303774995160e-01
2.948730288781590270e-01 5.519763061415363659e-01 1.531506649803044962e-01
2.992901946503625510e-01 5.873683021227682488e-01 1.133415032268690892e-01
3.017261532683260805e-01 6.982738467316739195e-01 0.000000000000000000e+00
3.707608015794345846e-01 0.000000000000000000e+00 6.292391984205656374e-01
4.231246910390478733e-01 7.268764959477877485e-02 5.041876593661732686e-01
4.124371495712335633e-01 1.463286546333679716e-01 4.412341957953984095e-01
4.141379974709144540e-01 2.309300457815155749e-01 3.549319567475698323e-01
4.296501256221339493e-01 3.087639844339775674e-01 2.615858899438884277e-01
3.709730547514688004e-01 4.455344481509761478e-01 1.834924970975550518e-01
3.960565124657582925e-01 5.146979000451351594e-01 8.924558748910650652e-02
4.071613655135875032e-01 5.928386344864124968e-01 0.000000000000000000e+00
4.942557886343850182e-01 0.000000000000000000e+00 5.057442113656152038e-01
5.060462235776216344e-01 6.475432289564118926e-02 4.291994535267373290e-01
4.963319860529550320e-01 1.643531638404016060e-01 3.393148501066433065e-01
5.120344483094211308e-01 2.141903436961983265e-01 2.737752079943803762e-01
4.740837288813696260e-01 2.989610460461081254e-01 2.269552250725222486e-01
5.268418513991375285e-01 3.686521354763206415e-01 1.045060131245418716e-01
5.732349818136582842e-01 4.267650181863417158e-01 0.000000000000000000e+00
5.241527785190265298e-01 0.000000000000000000e+00 4.758472214809737477e-01
5.379603275143515217e-01 1.051585341548180175e-01 3.568811383308306273e-01
5.284442877512567360e-01 1.817157654968880598e-01 2.898399467518552042e-01
6.239512783105257698e-01 2.308449224061226712e-01 1.452037992833514479e-01
6.212796940416942526e-01 3.137633429428807741e-01 6.495696301542512596e-02
6.350813351563194820e-01 3.649186648436805180e-01 0.000000000000000000e+00
6.024075644316035927e-01 0.000000000000000000e+00 3.975924355683965183e-01
6.211852614604166378e-01 1.335397201967358782e-01 2.452750183428474839e-01
6.775436751095978982e-01 1.791488455819229553e-01 1.433074793084792853e-01
6.672809198647370321e-01 2.783170339442034846e-01 5.440204619105944162e-02
7.069583502305123446e-01 2.930416497694877664e-01 0.000000000000000000e+00
6.991758088980296604e-01 0.000000000000000000e+00 3.008241911019703951e-01
7.529490985917808299e-01 8.394416064570459080e-02 1.631067407625147458e-01
6.967944630568294606e-01 1.870919819449333721e-01 1.161135549982373477e-01
7.250942904149086932e-01 2.749057095850915289e-01 0.000000000000000000e+00
8.493689006583695633e-01 0.000000000000000000e+00 1.506310993416304644e-01
7.998186210566264887e-01 7.109182994414767198e-02 1.290895489992258949e-01
9.129689652191010918e-01 8.703103478089894984e-02 0.000000000000000000e+00
8.865344123376354135e-01 0.000000000000000000e+00 1.134655876623646975e-01
9.554843760817641751e-01 4.451562391823571385e-02 0.000000000000000000e+00
1.000000000000000000e+00 0.000000000000000000e+00 0.000000000000000000e+00
