0.000000000000000000e+00 0.000000000000000000e+00 1.000000000000000000e+00
0.000000000000000000e+00 1.008846854584043440e-01 8.991153145415955450e-01
0.000000000000000000e+00 1.835823515415908602e-01 8.164176484584092508e-01
0.000000000000000000e+00 2.238473949950924857e-01 7.761526050049077918e-01
0.000000000000000000e+00 2.940693789086948340e-01 7.059306210913054436e-01
0.000000000000000000e+00 4.034909433445488802e-01 5.965090566554515084e-01
0.000000000000000000e+00 4.833388885008005342e-01 5.166611114991996878e-01
0.000000000000000000e+00 5.646288941840834630e-01 4.353711058159166480e-01
0.000000000000000000e+00 6.764490325731040699e-01 3.235509674268960967e-01
0.000000000000000000e+00 7.108989160771700400e-01 2.891010839228300155e-01
0.000000000000000000e+00 8.152011394170596281e-01 1.847988605829402609e-01
0.000000000000000000e+00 8.860246648992404772e-01 1.139753351007594673e-01
0.000000000000000000e+00 1.000000000000000000e+00 0.000000000000000000e+00
7.569334502364120920e-02 0.000000000000000000e+00 9.243066549763587769e-01
9.463347943664193740e-02 8.870158634180491664e-02 8.166649342215532847e-01
9.279390738518396298e-02 1.464459005273633929e-01 7.607601920874527135e-01
7.565592870997743524e-02 2.562114284154202726e-01 6.681326428746023893e-01
8.607384846674241696e-02 3.294057965860783255e-01 5.845203549471793547e-01
4.537748867624250698e-02 4.266669290245891921e-01 5.279555822991683911e-01
8.582544606624714634e-02 4.962873759968385867e-01 4.178871779369143225e-01
7.731162550690535984e-02 5.552146381672184994e-01 3.674737363258760436e-01
6.151347399761911833e-02 6.643970826836269605e-01 2.740894433187538448e-01
1.089211362643835029e-01 7.031862547027448729e-01 1.878926090328715270e-01
1.365562154769067726e-01 7.763573311823501744e-01 8.708645334074309463e-02
6.687342399352456945e-02 9.331265760064756387e-01 0.000000000000000000e+00
1.293212856844967451e-01 0.000000000000000000e+00 8.706787143155031439e-01
1.846867582715459033e-01 6.537103403788666056e-02 7.499422076905672974e-01
1.684588187070646947e-01 1.674063436724727294e-01 6.641348376204627701e-01
1.885958707383191824e-01 2.255380963577406916e-01 5.858660329039401260e-01
1.799356084483936802e-01 3.060944050325518639e-01 5.139699865190546779e-01
1.587965463486539497e-01 3.800243320299065974e-01 4.611791216214394251e-01
1.864641257208934366e-01 4.771185651700474151e-01 3.364173091090590928e-01
1.322140604429016542e-01 5.683322520775084818e-01 2.994536874795898362e-01
1.789862967662356752e-01 6.856916915087132303e-01 1.353220117250510113e-01
1.794535122987835629e-01 7.522665497193475881e-01 6.827993798186882124e-02
1.713158540860489354e-01 8.286841459139510091e-01 0.000000000000000000e+00
2.569749527889033103e-01 0.000000000000000000e+00 7.430250472110966342e-01
2.586154782535461938e-01 6.618557896937488083e-02 6.751989427770787033e-01
2.219601882640644119e-01 1.852980599322988087e-01 5.927417518036366406e-01
2.312197618666153587e-01 2.600121417352769804e-01 5.087680963981079385e-01
2.478705050051031034e-01 3.249666410513762371e-01 4.271628539435208260e-01
2.339008245654519424e-01 4.299209999267669113e-01 3.361781755077812850e-01
2.554862156978331966e-01 4.702288714460003405e-01 2.742849128561664629e-01
2.877936290613819503e-01 5.975965363408975994e-01 1.146098345977206862e-01
2.292594827875673591e-01 7.268831393977682742e-01 4.385737781466417934e-02
2.330011048911918292e-01 7.669988951088080320e-01 0.000000000000000000e+00
3.128139008650108188e-01 0.000000000000000000e+00 6.871860991349894032e-01
3.097968698703826296e-01 6.523234542545275350e-02 6.249707847041645614e-01
3.103459018181419227e-01 2.145106778834976469e-01 4.751434202983605415e-01
3.276332455626739248e-01 2.349924726704222810e-01 4.373742817669038496e-01
3.032118877981201943e-01 3.497041577355839426e-01 3.470839544662959186e-01
3.469240171143562756e-01 4.009967805431783883e-01 2.520792023424655026e-01
3.614919338193639531e-01 4.673344174217247682e-01 1.711736487589113342e-01
3.157615445249074559e-01 6.061903759487979881e-01 7.804807952629458367e-02
3.249132333944147466e-01 6.750867666055849758e-01 0.000000000000000000e+00
4.340975508300216612e-01 0.000000000000000000e+00 5.659024491699784498e-01
4.461157922232912854e-01 7.356326008354249768e-02 4.803209476931664668e-01
4.257138815237870300e-01 1.769474691257054977e-01 3.973386493505075001e-01
4.082016821017721009e-01 2.461978246755057442e-01 3.456004932227222937e-01
3.955579331623980122e-01 3.354263889728289483e-01 2.690156778647730951e-01
4.514135939381120344e-01 3.849881728526065028e-01 1.635982332092815184e-01
4.303964608623626065e-01 4.880139762926679059e-01 8.158956284496972355e-02
4.023603418850228985e-01 5.976396581149772125e-01 0.000000000000000000e+00
4.589678268004765971e-01 0.000000000000000000e+00 5.410321731995235695e-01
5.038690285352637188e-01 7.628892706267656476e-02 4.198420444020597997e-01
5.166776634418313030e-01 1.705606906185448968e-01 3.127616459396237447e-01
5.035013781373738340e-01 2.363168005439360286e-01 2.601818213186900541e-01
4.927720644451599741e-01 3.275628552293872731e-01 1.796650803254527529e-01
4.819022828059796315e-01 4.103322098723302669e-01 1.077655073216901432e-01
5.362978565202316528e-01 4.637021434797685138e-01 0.000000000000000000e+00
5.721283618814161365e-01 0.000000000000000000e+00 4.278716381185838635e-01
5.499324270044897434e-01 7.548695477595454562e-02 3.745806182195555722e-01
5.978227997414322648e-01 1.691955095284082555e-01 2.329816907301593687e-01
5.937882059998147444e-01 2.359061810108885882e-01 1.703056129892965842e-01
5.623165681425337237e-01 3.276201004072778478e-01 1.100633314501883453e-01
6.397822999610797146e-01 3.602177000389202299e-01 0.000000000000000000e+00
6.192475413674918272e-01 0.000000000000000000e+00 3.807524586325080618e-01
7.031975930827646382e-01 5.129194744920659299e-02 2.455104594680285190e-01
6.849103399829430394e-01 1.927469099091528026e-01 1.223427501079040608e-01
6.617503954742737227e-01 2.581257881837334955e-01 8.012381634199268465e-02
6.837029077315303072e-01 3.162970922684698594e-01 0.000000000000000000e+00
7.618283781685902811e-01 0.000000000000000000e+00 2.381716218314095246e-01
7.391173107132823494e-01 6.445733684619581183e-02 1.964253524405216722e-01
7.415340672769614727e-01 1.539497270636394910e-01 1.045162056593988698e-01
7.576854992720040149e-01 2.423145007279959851e-01 0.000000000000000000e+00
8.420054386287183501e-01 0.000000000000000000e+00 1.579945613712813446e-01
8.447833642937156995e-01 4.445148097135306897e-02 1.107651547349313426e-01
8.204305135369811541e-01 1.795694864630189291e-01 0.000000000000000000e+00
9.356007019080948561e-01 0.000000000000000000e+00 6.439929809190511611e-02
8.660626861339484339e-01 1.339373138660515661e-01 0.000000000000000000e+00
1.000000000000000000e+00 0.000000000000000000e+00 0.000000000000000000e+00
