0.000000000000000000e+00 0.000000000000000000e+00 1.000000000000000000e+00
0.000000000000000000e+00 6.444553271714752174e-02 9.355544672828525199e-01
0.000000000000000000e+00 1.630936918937729851e-01 8.369063081062273479e-01
0.000000000000000000e+00 2.778770019556752735e-01 7.221229980443246710e-01
0.000000000000000000e+00 3.246940957053603416e-01 6.753059042946396584e-01
0.000000000000000000e+00 3.641177898772115507e-01 6.358822101227887824e-01
0.000000000000000000e+00 5.122663307122388154e-01 4.877336692877611846e-01
0.000000000000000000e+00 6.034381958755162811e-01 3.965618041244835523e-01
0.000000000000000000e+00 6.675612638806240895e-01 3.324387361193758550e-01
0.000000000000000000e+00 7.709797513078713305e-01 2.290202486921286973e-01
0.000000000000000000e+00 8.338041452443880619e-01 1.661958547556119936e-01
0.000000000000000000e+00 9.181033034952799099e-01 8.189669650472009010e-02
0.000000000000000000e+00 1.000000000000000000e+00 0.000000000000000000e+00
5.645525297415451838e-02 0.000000000000000000e+00 9.435447470258454539e-01
6.485742549642944943e-02 8.760298782347726576e-02 8.475395866800932154e-01
9.809027434244141364e-02 1.626974588267454946e-01 7.392122668308129807e-01
7.193338948237992803e-02 2.617737955018063500e-01 6.662928150158138330e-01
7.149438147055166282e-02 3.308843945808533360e-01 5.976212239485949596e-01
8.358110197591567259e-02 4.224252918909410237e-01 4.939936061331433592e-01
8.538722669812655319e-02 5.069368787258089482e-01 4.076758945760645125e-01
7.786689276972434681e-02 5.874966809960076031e-01 3.346364262342680918e-01
8.980534607181994700e-02 6.604427193494463166e-01 2.497519345787337364e-01
8.383539608133108723e-02 7.485354317587280537e-01 1.676291721599407203e-01
7.653886389173748805e-02 8.366698414073068246e-01 8.679129470095565957e-02
6.032296992026905946e-02 9.396770300797309128e-01 0.000000000000000000e+00
1.668520906079997423e-01 0.000000000000000000e+00 8.331479093920002299e-01
1.611880642200113622e-01 8.192382640308087938e-02 7.568881093769077584e-01
1.641758266811639833e-01 1.675274141678441409e-01 6.682967591509918481e-01
1.624138758784348380e-01 2.654955297639403078e-01 5.720905943576248820e-01
1.676630878459888785e-01 3.474923188466483848e-01 4.848445933073628478e-01
1.511404037774202458e-01 4.066003796750713994e-01 4.422592165475084380e-01
1.679731867114152011e-01 4.957075886542813281e-01 3.363192246343034708e-01
1.862292126165004391e-01 5.755529821507476829e-01 2.382178052327518780e-01
1.694919319176278472e-01 6.657132918489319096e-01 1.647947762334400490e-01
1.666666666666666574e-01 7.500000000000000000e-01 8.333333333333332871e-02
1.912654536050860388e-01 8.087345463949140445e-01 0.000000000000000000e+00
2.390636760251287907e-01 0.000000000000000000e+00 7.609363239748712093e-01
2.413638189743404772e-01 8.979892794602113704e-02 6.688372530796384829e-01
2.500000000000000000e-01 1.666666666666666574e-01 5.833333333333333703e-01
2.507753995575714434e-01 2.675091009856004343e-01 4.817154994568281223e-01
2.456560823488149470e-01 3.291359825837401054e-01 4.252079350674450864e-01
2.758536515609770756e-01 4.229049177879762866e-01 3.012414306510465822e-01
2.609229151349065634e-01 4.938030060995232118e-01 2.452740787655702803e-01
2.698519876593638012e-01 5.616590689531251179e-01 1.684889433875110809e-01
2.500000000000000000e-01 6.666666666666666297e-01 8.333333333333332871e-02
2.452406398581450098e-01 7.547593601418550735e-01 0.000000000000000000e+00
3.107846563802773021e-01 0.000000000000000000e+00 6.892153436197228089e-01
3.511664648636418362e-01 7.109623406808869561e-02 5.777373010682695931e-01
3.410323114638571518e-01 1.590133824800972484e-01 4.999543060560456276e-01
3.383721574405406107e-01 2.247772731724356765e-01 4.368505693870237683e-01
3.188055715584573457e-01 3.319874880914255311e-01 3.492069403501169567e-01
3.384150438223681445e-01 4.087370207611116246e-01 2.528479354165202309e-01
3.334879896181359160e-01 5.089800040480156884e-01 1.575320063338483123e-01
3.554893113963991103e-01 5.783071508679307193e-01 6.620353773567022593e-02
3.328099099448331710e-01 6.671900900551668290e-01 0.000000000000000000e+00
4.665846663012972462e-01 0.000000000000000000e+00 5.334153336987027538e-01
4.302268871620968937e-01 6.320264325191846111e-02 5.065704695859845064e-01
4.079455694098106378e-01 1.739835872853031928e-01 4.180708433048863082e-01
4.092773206714402923e-01 2.337494609495247566e-01 3.569732183790350066e-01
4.250019826321106975e-01 3.110988423567491168e-01 2.638991750111401302e-01
4.055383399253231214e-01 4.367220445230259873e-01 1.577396155516509746e-01
4.091187352778495323e-01 5.203188105310047051e-01 7.056245419114579032e-02
4.103347481009727571e-01 5.896652518990271874e-01 0.000000000000000000e+00
5.250642497741707659e-01 0.000000000000000000e+00 4.749357502258292896e-01
4.935999585789150323e-01 7.848691047184466751e-02 4.279131309492403279e-01
5.034771325865121661e-01 1.722503402960337271e-01 3.242725271174542456e-01
5.158787061967761156e-01 2.335773585342330871e-01 2.505439352689908250e-01
4.918575676172097233e-01 3.325017381061220467e-01 1.756406942766681190e-01
4.879592120043416692e-01 4.285152844411274087e-01 8.352550355453092212e-02
5.014513880819825298e-01 4.985486119180175257e-01 0.000000000000000000e+00
5.993382179238039287e-01 0.000000000000000000e+00 4.006617820761961268e-01
5.886151771275313083e-01 9.314998334999075036e-02 3.182348395224778304e-01
5.826486053581854119e-01 1.693137632303501061e-01 2.480376314114645930e-01
5.854313707265562661e-01 2.537918599604920278e-01 1.607767693129517061e-01
6.006430228419776807e-01 3.351648800618526325e-01 6.419209709616961745e-02
5.732476705469710110e-01 4.267523294530289890e-01 0.000000000000000000e+00
6.758447164234071547e-01 0.000000000000000000e+00 3.241552835765928453e-01
6.670104788132100726e-01 8.238750073621997627e-02 2.506020204505698401e-01
6.588670164809398155e-01 1.726606046923042925e-01 1.684723788267556976e-01
6.680604001475620723e-01 2.534170941845176328e-01 7.852250566792019770e-02
6.554810558881738469e-01 3.445189441118261531e-01 0.000000000000000000e+00
7.395614860840142857e-01 0.000000000000000000e+00 2.604385139159857143e-01
7.749353584491608382e-01 9.180003016259426218e-02 1.332646113882448580e-01
7.439025065011373172e-01 1.592209388172141915e-01 9.687655468164828310e-02
7.651362009389798269e-01 2.348637990610201731e-01 0.000000000000000000e+00
8.557491853614722643e-01 0.000000000000000000e+00 1.442508146385278744e-01
8.285929047358518984e-01 7.379914013853473842e-02 9.760795512561332155e-02
8.243036933136426159e-01 1.756963066863574119e-01 0.000000000000000000e+00
9.215858798107231520e-01 0.000000000000000000e+00 7.841412018927695904e-02
9.159495622393847292e-01 8.405043776061506267e-02 0.000000000000000000e+00
1.000000000000000000e+00 0.000000000000000000e+00 0.000000000000000000e+00
