0.000000000000000000e+00 0.000000000000000000e+00 1.000000000000000000e+00
0.000000000000000000e+00 9.592181035577487802e-02 9.040781896442250387e-01
0.000000000000000000e+00 1.666666666666666574e-01 8.333333333333333703e-01
0.000000000000000000e+00 2.495514204846610296e-01 7.504485795153388317e-01
0.000000000000000000e+00 3.352044138438594612e-01 6.647955861561406499e-01
0.000000000000000000e+00 4.305903161648060307e-01 5.694096838351940804e-01
0.000000000000000000e+00 5.056280760880716985e-01 4.943719239119283015e-01
0.000000000000000000e+00 5.863924285218002908e-01 4.136075714781997648e-01
0.000000000000000000e+00 6.780145364681183784e-01 3.219854635318816216e-01
0.000000000000000000e+00 7.555506390198573063e-01 2.444493609801426104e-01
0.000000000000000000e+00 8.240815571883145507e-01 1.759184428116855048e-01
0.000000000000000000e+00 9.316684162294320837e-01 6.833158377056784694e-02
0.000000000000000000e+00 1.000000000000000000e+00 0.000000000000000000e+00
9.452718058518735922e-02 0.000000000000000000e+00 9.054728194148127240e-01
9.353109193366775098e-02 7.320803479591081464e-02 8.332608732704213095e-01
8.049811998780791178e-02 1.688840866052238043e-01 7.506177934069683255e-01
9.689651172953257785e-02 2.339919610358494606e-01 6.691115272346177534e-01
8.048989016642349448e-02 3.245189992209299712e-01 5.949911106126464233e-01
8.264315401394413396e-02 4.207621639897598520e-01 4.965946819962959169e-01
7.728217580590263092e-02 5.036884028627571785e-01 4.190294213313401350e-01
8.837522759630353497e-02 5.850766775503667416e-01 3.265480948533298622e-01
8.807443333472728120e-02 6.701004595133255304e-01 2.418251071519469941e-01
7.476221702067414876e-02 7.543397557954178989e-01 1.708980271839079801e-01
7.687500597223738408e-02 8.340861382197002349e-01 8.903885580806235323e-02
8.134575362857922320e-02 9.186542463714206797e-01 0.000000000000000000e+00
1.742302862049937839e-01 0.000000000000000000e+00 8.257697137950061883e-01
1.636915189282952265e-01 8.801879758910240159e-02 7.482896834826022747e-01
1.785322766911608960e-01 1.600959506834341850e-01 6.613717726254049190e-01
1.658632845785785737e-01 2.450380371915898414e-01 5.890986782298317515e-01
1.670787388388132733e-01 3.332256260941531822e-01 4.996956350670335167e-01
1.678455174941520522e-01 4.147384087920532592e-01 4.174160737137947441e-01
1.645646171853290818e-01 4.986715789613521688e-01 3.367638038533187217e-01
1.715397078322927205e-01 5.849098541553290342e-01 2.435504380123782731e-01
1.746169948443690723e-01 6.717916564695650683e-01 1.535913486860658317e-01
1.565339971468679980e-01 7.521102927479185185e-01 9.135571010521362223e-02
1.577780380468725430e-01 8.422219619531274848e-01 0.000000000000000000e+00
2.456371747948797590e-01 0.000000000000000000e+00 7.543628252051202132e-01
2.442614887345573582e-01 8.326645725810326304e-02 6.724720540073394481e-01
2.523415654505212213e-01 1.554918198577546762e-01 5.921666146917240470e-01
2.426656716896248567e-01 2.476860773642247660e-01 5.096482509461505161e-01
2.500000000000000000e-01 3.333333333333333148e-01 4.166666666666666852e-01
2.413585891037671183e-01 4.296515615982183234e-01 3.289898492980145583e-01
2.544015553469522462e-01 4.953776442522603296e-01 2.502208004007873687e-01
2.528152970804952160e-01 5.844592124764871333e-01 1.627254904430176230e-01
2.582985654853968693e-01 6.674981263561919897e-01 7.420330815841116867e-02
2.540122401731649826e-01 7.459877598268350729e-01 0.000000000000000000e+00
3.349614327395234459e-01 0.000000000000000000e+00 6.650385672604762766e-01
3.229527952373723032e-01 7.821358818050551387e-02 5.988336165821223078e-01
3.328941088630100187e-01 1.639260961774584024e-01 5.031797949595315789e-01
3.366698999434499240e-01 2.503697345106505878e-01 4.129603655458993217e-01
3.377718294495057338e-01 3.314453059004041080e-01 3.307828646500901582e-01
3.416560424570778132e-01 4.086563380505027210e-01 2.496876194924196046e-01
3.342588761568625610e-01 4.973815710573195048e-01 1.683595527858179064e-01
3.354027277831552190e-01 5.772938659258658456e-01 8.730340629097904648e-02
3.299197175148800842e-01 6.700802824851198602e-01 0.000000000000000000e+00
4.205660068383404449e-01 0.000000000000000000e+00 5.794339931616595551e-01
4.147288850891383549e-01 8.518075400832592070e-02 5.000903609025356689e-01
4.222224233616421185e-01 1.580654206597536804e-01 4.197121559786042289e-01
4.113610356909468413e-01 2.457827875852786892e-01 3.428561767237744418e-01
4.219966459408467374e-01 3.350358806601507755e-01 2.429674733990023761e-01
4.250938873205643009e-01 4.082881753993851115e-01 1.666179372800506431e-01
4.182110674562212749e-01 4.905948843316685348e-01 9.119404821211025969e-02
4.075741987128975174e-01 5.924258012871025381e-01 0.000000000000000000e+00
5.074648362884267572e-01 0.000000000000000000e+00 4.925351637115731318e-01
4.981775716724059500e-01 8.570801490508037079e-02 4.161144134225135960e-01
5.100638750932469101e-01 1.585315118441265603e-01 3.314046130626267517e-01
5.056847046939373369e-01 2.484274288931147823e-01 2.458878664129478808e-01
5.028896218430094489e-01 3.422765616910583564e-01 1.548338164659322225e-01
5.139197861779685184e-01 4.097437704268047653e-01 7.633644339522667466e-02
5.000000000000000000e-01 5.000000000000000000e-01 0.000000000000000000e+00
5.649681084280855359e-01 0.000000000000000000e+00 4.350318915719147417e-01
5.894752277762910220e-01 8.093941667265427964e-02 3.295853555510547261e-01
5.796950047722322363e-01 1.697686784152395156e-01 2.505363168125283035e-01
5.709129876985905572e-01 2.640592712452727864e-01 1.650277410561368507e-01
5.827322517353076270e-01 3.351392681720553046e-01 8.212848009263706839e-02
5.873466164706629966e-01 4.126533835293371144e-01 0.000000000000000000e+00
6.726367749578388011e-01 0.000000000000000000e+00 3.273632250421611434e-01
6.709828677384030993e-01 7.869681360883007404e-02 2.503203186527667712e-01
6.551622328647419558e-01 1.671261509750168461e-01 1.777116161602411704e-01
6.566599240617314592e-01 2.558275962892732625e-01 8.751247964899533383e-02
6.821773175064854700e-01 3.178226824935145300e-01 0.000000000000000000e+00
7.649752535902888395e-01 0.000000000000000000e+00 2.350247464097112715e-01
7.508187684692588793e-01 8.220718160756074200e-02 1.669740499231802122e-01
7.449026162021402664e-01 1.590504388503325983e-01 9.604694494752728795e-02
7.495398833024531360e-01 2.504601166975468640e-01 0.000000000000000000e+00
8.270831000079059692e-01 0.000000000000000000e+00 1.729168999920940031e-01
8.444013407917717595e-01 8.121733096085934078e-02 7.438132824736880255e-02
8.252553143526153434e-01 1.747446856473847676e-01 0.000000000000000000e+00
9.080877341242159506e-01 0.000000000000000000e+00 9.191226587578389673e-02
9.141645943633242011e-01 8.583540563667575729e-02 0.000000000000000000e+00
1.000000000000000000e+00 0.000000000000000000e+00 0.000000000000000000e+00
