0.000000000000000000e+00 0.000000000000000000e+00 1.000000000000000000e+00
0.000000000000000000e+00 1.158568427746727997e-01 8.841431572253273252e-01
0.000000000000000000e+00 2.222222222222222099e-01 7.777777777777777901e-01
0.000000000000000000e+00 3.534635588831931408e-01 6.465364411168069703e-01
0.000000000000000000e+00 4.455319642830283255e-01 5.544680357169716745e-01
0.000000000000000000e+00 5.430209426570560272e-01 4.569790573429439173e-01
0.000000000000000000e+00 6.440295146226331369e-01 3.559704853773667521e-01
0.000000000000000000e+00 7.352451914663893362e-01 2.647548085336106638e-01
0.000000000000000000e+00 9.165837867739670131e-01 8.341621322603293143e-02
0.000000000000000000e+00 1.000000000000000000e+00 0.000000000000000000e+00
1.431011009153532465e-01 0.000000000000000000e+00 8.568988990846467813e-01
1.142900175490080827e-01 1.225675004752738440e-01 7.631424819757181011e-01
8.784138991834540555e-02 2.571043067145834526e-01 6.550543033670711557e-01
1.138008901970492676e-01 3.385133206852423138e-01 5.476857891177083770e-01
1.255378767644675930e-01 4.364101199265496556e-01 4.380520033089826404e-01
1.006282087292315192e-01 5.895895827177518589e-01 3.097822085530165248e-01
9.733750086727287198e-02 6.887500337165147757e-01 2.139124654162121997e-01
8.692982358392944975e-02 7.934456631779880365e-01 1.196245132380825416e-01
9.147351221491012430e-02 9.085264877850898202e-01 0.000000000000000000e+00
2.495101660291458301e-01 0.000000000000000000e+00 7.504898339708540034e-01
2.238777463929531586e-01 1.036310860784663695e-01 6.724911675285804025e-01
1.921848438108810231e-01 2.486718077285148820e-01 5.591433484606039839e-01
2.371829898347404542e-01 3.393347399813863019e-01 4.234822701838730774e-01
2.117683447628332660e-01 4.425846550459296425e-01 3.456470001912370638e-01
2.032262182791072513e-01 5.498748433108124889e-01 2.468989384100803153e-01
2.113394202843602021e-01 6.987134716269158830e-01 8.994710808872392882e-02
2.484204015685279043e-01 7.515795984314721512e-01 0.000000000000000000e+00
3.081955656919651010e-01 0.000000000000000000e+00 6.918044343080348435e-01
3.112025983039623522e-01 1.324841421714859080e-01 5.563132595245517953e-01
3.190240992954848087e-01 2.390107970923317504e-01 4.419651036121833854e-01
3.173221062410374049e-01 3.377187701659676855e-01 3.449591235929947430e-01
3.324740120905243512e-01 4.444577736463338202e-01 2.230682142631418008e-01
3.497972948573699892e-01 5.752124353017362690e-01 7.499026984089360304e-02
3.384055721093202629e-01 6.615944278906795706e-01 0.000000000000000000e+00
4.514170387521248551e-01 0.000000000000000000e+00 5.485829612478753115e-01
4.280998572188735030e-01 1.603188092464115921e-01 4.115813335347149327e-01
4.288185171862446410e-01 2.674661148809542310e-01 3.037153679328012390e-01
4.074146476201691014e-01 3.747435155783812033e-01 2.178418368014497508e-01
4.444444444444444198e-01 4.444444444444444198e-01 1.111111111111111049e-01
4.500030847355060981e-01 5.499969152644939019e-01 0.000000000000000000e+00
5.866277100956360790e-01 0.000000000000000000e+00 4.133722899043638099e-01
5.748376931353118557e-01 1.167087782963744796e-01 3.084535285683135397e-01
5.856110023170639778e-01 2.265338375518314296e-01 1.878551601311046482e-01
5.603680274473744616e-01 3.550708634871658775e-01 8.456110906545978578e-02
5.486898017834505037e-01 4.513101982165493853e-01 0.000000000000000000e+00
6.877733865720349060e-01 0.000000000000000000e+00 3.122266134279649274e-01
6.854455953066745932e-01 1.215771050162665762e-01 1.929772996770587057e-01
6.623271360343916392e-01 2.294674810290208700e-01 1.082053829365873521e-01
6.566410767953306804e-01 3.433589232046693196e-01 0.000000000000000000e+00
8.197174547303665015e-01 0.000000000000000000e+00 1.802825452696336650e-01
7.578150769241143170e-01 1.300963577763775136e-01 1.120885652995082249e-01
7.453144049814093286e-01 2.546855950185905604e-01 0.000000000000000000e+00
8.906933521263098452e-01 0.000000000000000000e+00 1.093066478736900438e-01
9.022589973040029410e-01 9.774100269599692026e-02 0.000000000000000000e+00
1.000000000000000000e+00 0.000000000000000000e+00 0.000000000000000000e+00
