0.000000000000000000e+00 0.000000000000000000e+00 1.000000000000000000e+00
0.000000000000000000e+00 5.683968218510672410e-02 9.431603178148934008e-01
0.000000000000000000e+00 2.388903194901902671e-01 7.611096805098096496e-01
0.000000000000000000e+00 2.774168808006280962e-01 7.225831191993717928e-01
0.000000000000000000e+00 3.942526774636131992e-01 6.057473225363868563e-01
0.000000000000000000e+00 4.958726758696799242e-01 5.041273241303200203e-01
0.000000000000000000e+00 6.208350771083395170e-01 3.791649228916607051e-01
0.000000000000000000e+00 6.701825118755948552e-01 3.298174881244052004e-01
0.000000000000000000e+00 9.499810418377809818e-01 5.001895816221920560e-02
0.000000000000000000e+00 1.000000000000000000e+00 0.000000000000000000e+00
1.537818872139902759e-01 0.000000000000000000e+00 8.462181127860095575e-01
1.026542190039194391e-01 1.587988839591156776e-01 7.385468970369647446e-01
9.867960096456779295e-02 2.450005706359166258e-01 6.563198283995155258e-01
8.545659026443822026e-02 3.129010935078213596e-01 6.016423162277404479e-01
1.364229616007786583e-01 3.982676535147184893e-01 4.653093848845028524e-01
1.405480409636035155e-01 4.675471950459533788e-01 3.919047639904429947e-01
9.908821269006400090e-02 6.515996295591314214e-01 2.493121577508045639e-01
1.016822875037443757e-01 7.878598688953868390e-01 1.104578436008685494e-01
1.126426753088337895e-01 8.873573246911662382e-01 0.000000000000000000e+00
2.308714157216763541e-01 0.000000000000000000e+00 7.691285842783235349e-01
2.040287274865926204e-01 1.736103529651026600e-01 6.223609195483046364e-01
1.835043707532519608e-01 2.800605855739347616e-01 5.364350436728134719e-01
2.433882158072833701e-01 3.216689183717722500e-01 4.349428658209444354e-01
2.470297805195897090e-01 3.920139332883295635e-01 3.609562861920806442e-01
2.274149488778949846e-01 6.122480512802498387e-01 1.603369998418550657e-01
2.579405159542068060e-01 7.094801766054722458e-01 3.257930744032096898e-02
1.561715139777539174e-01 8.438284860222460271e-01 0.000000000000000000e+00
2.816123451394667021e-01 0.000000000000000000e+00 7.183876548605332424e-01
3.499712887111439130e-01 1.190454005965663059e-01 5.309833106922898782e-01
3.071888479434244923e-01 2.494591564406371254e-01 4.433519956159384101e-01
3.260238489989119026e-01 2.973003679011612110e-01 3.766757830999268863e-01
3.420470709721794011e-01 4.100088563644668227e-01 2.479440726633536651e-01
3.884594821337108983e-01 5.732322058886765159e-01 3.830831197761247475e-02
2.044498604171125222e-01 7.955501395828873390e-01 0.000000000000000000e+00
5.205829339389296262e-01 0.000000000000000000e+00 4.794170660610703738e-01
4.268361308499251106e-01 6.363729258899758490e-02 5.095265765610773601e-01
4.478149583746783291e-01 1.689951904281542239e-01 3.831898511971675303e-01
3.970092288034360872e-01 3.046625963896728573e-01 2.983281748068909445e-01
4.521754229757550814e-01 4.191830999154877446e-01 1.286414771087571740e-01
5.461117245280582289e-01 4.538882754719415491e-01 0.000000000000000000e+00
6.423181074380106548e-01 0.000000000000000000e+00 3.576818925619892342e-01
5.512069825302432502e-01 9.674454719108489809e-02 3.520484702786719211e-01
5.652182295156226166e-01 2.047838435641376464e-01 2.299979269202396537e-01
5.914989695369612388e-01 3.728113933477554265e-01 3.568963711528332083e-02
6.050974888061193546e-01 3.949025111938805344e-01 0.000000000000000000e+00
6.810718598062419638e-01 0.000000000000000000e+00 3.189281401937581473e-01
7.055695470422286286e-01 9.396768159001189780e-02 2.004627713677595291e-01
6.426619486932986236e-01 2.476365027052390144e-01 1.097015486014622787e-01
7.289982352773775043e-01 2.710017647226225512e-01 0.000000000000000000e+00
8.245993786950220894e-01 0.000000000000000000e+00 1.754006213049779106e-01
7.958322749781769900e-01 7.890750880072802675e-02 1.252602162210950110e-01
7.962586052902137501e-01 2.037413947097862499e-01 0.000000000000000000e+00
8.771131332458268481e-01 0.000000000000000000e+00 1.228868667541731935e-01
8.851146944384951087e-01 1.148853055615048913e-01 0.000000000000000000e+00
1.000000000000000000e+00 0.000000000000000000e+00 0.000000000000000000e+00
