0.000000000000000000e+00 0.000000000000000000e+00 1.000000000000000000e+00
0.000000000000000000e+00 8.381135370708646393e-02 9.161886462929135222e-01
0.000000000000000000e+00 2.537689161009466510e-01 7.462310838990533490e-01
0.000000000000000000e+00 3.982452225761998754e-01 6.017547774238000136e-01
0.000000000000000000e+00 4.381254943583717254e-01 5.618745056416282191e-01
0.000000000000000000e+00 5.357046691182145715e-01 4.642953308817853730e-01
0.000000000000000000e+00 6.249447787304509561e-01 3.750552212695489884e-01
0.000000000000000000e+00 7.296615693528000213e-01 2.703384306471999232e-01
0.000000000000000000e+00 8.647912632923656640e-01 1.352087367076342528e-01
0.000000000000000000e+00 1.000000000000000000e+00 0.000000000000000000e+00
6.368851045392417975e-02 0.000000000000000000e+00 9.363114895460757925e-01
1.322124910923962449e-01 8.808408876526502285e-02 7.797034201423389543e-01
1.361634765571055894e-01 1.840180966939921337e-01 6.798184267489023602e-01
1.155619836609727280e-01 3.526272523167148232e-01 5.318107640223124211e-01
1.110506410303510050e-01 4.404052007277740044e-01 4.485441582418748796e-01
1.297200299052333194e-01 5.536070559243559952e-01 3.166729141704106021e-01
1.216770991249505052e-01 6.934820172285106610e-01 1.848408836465385841e-01
1.377735716977609992e-01 7.597149829776250751e-01 1.025114453246137175e-01
9.694779819496671114e-02 9.030522018050332056e-01 0.000000000000000000e+00
2.255578835089998013e-01 0.000000000000000000e+00 7.744421164910001432e-01
2.396696887030627110e-01 8.197653128460405392e-02 6.783537800123331518e-01
1.893178933758369875e-01 2.658221878594563825e-01 5.448599187647066300e-01
1.725289646731084370e-01 3.705997325624600380e-01 4.568713027644316083e-01
2.227050958639976153e-01 4.527285712692484809e-01 3.245663328667537373e-01
2.241845985771735716e-01 5.654534338600901711e-01 2.103619675627360908e-01
1.806052226351960721e-01 6.969271362177424933e-01 1.224676411470610737e-01
2.136311211158775925e-01 7.863688788841224353e-01 0.000000000000000000e+00
3.156893374070575131e-01 0.000000000000000000e+00 6.843106625929423759e-01
3.399475349738042551e-01 6.720706783051971778e-02 5.928453971956758606e-01
3.557456729888098801e-01 2.138463289336963724e-01 4.304079980774937475e-01
3.375995806153264667e-01 3.392028865252645908e-01 3.231975328594088870e-01
3.245454696534967320e-01 4.974694238145692671e-01 1.779851065319338899e-01
2.970858288626881949e-01 5.744176462420069740e-01 1.284965248953046368e-01
3.431930673941877563e-01 6.568069326058121327e-01 0.000000000000000000e+00
3.665389559592384106e-01 0.000000000000000000e+00 6.334610440407613119e-01
4.442782584455748363e-01 7.194338662798435702e-02 4.837783549264407235e-01
4.569774489591308941e-01 1.553101092848973575e-01 3.877124417559716929e-01
4.565524494563503177e-01 3.133295485287964088e-01 2.301180020148533012e-01
4.361193365699576052e-01 4.226815613071123745e-01 1.411991021229299925e-01
4.272061425396053158e-01 5.727938574603946842e-01 0.000000000000000000e+00
4.900017445014083206e-01 0.000000000000000000e+00 5.099982554985917904e-01
5.292312281157728338e-01 9.523771286420247562e-02 3.755310590200247600e-01
5.952008259028384041e-01 2.335844890879285041e-01 1.712146850092329531e-01
5.374049151429702853e-01 3.091289792426640259e-01 1.534661056143656888e-01
6.034779047657038431e-01 3.965220952342960459e-01 0.000000000000000000e+00
6.860434544741355056e-01 0.000000000000000000e+00 3.139565455258646609e-01
7.168239076877642724e-01 7.314318789534127174e-02 2.100329044168945392e-01
6.636352130513100134e-01 2.513836925761436247e-01 8.498109437254630638e-02
7.108914487626227796e-01 2.891085512373770539e-01 0.000000000000000000e+00
7.827129755674786526e-01 0.000000000000000000e+00 2.172870244325215694e-01
7.909770464778237420e-01 7.500413502810068800e-02 1.340188184940755423e-01
8.148877585114686628e-01 1.851122414885311152e-01 0.000000000000000000e+00
8.926661353572931112e-01 0.000000000000000000e+00 1.073338646427070275e-01
9.204363913849964440e-01 7.956360861500334780e-02 0.000000000000000000e+00
1.000000000000000000e+00 0.000000000000000000e+00 0.000000000000000000e+00
