0.000000000000000000e+00 0.000000000000000000e+00 1.000000000000000000e+00
0.000000000000000000e+00 1.001078881435132628e-01 8.998921118564866539e-01
0.000000000000000000e+00 2.114041086087252441e-01 7.885958913912747281e-01
0.000000000000000000e+00 3.416877701718158966e-01 6.583122298281841589e-01
0.000000000000000000e+00 4.383226819843794586e-01 5.616773180156204859e-01
0.000000000000000000e+00 5.757729338030166399e-01 4.242270661969834711e-01
0.000000000000000000e+00 6.680939914537584734e-01 3.319060085462414156e-01
0.000000000000000000e+00 7.533665142690464389e-01 2.466334857309536166e-01
0.000000000000000000e+00 8.973042609067926056e-01 1.026957390932073805e-01
0.000000000000000000e+00 1.000000000000000000e+00 0.000000000000000000e+00
1.097016896684697290e-01 0.000000000000000000e+00 8.902983103315302849e-01
1.113545224847306003e-01 1.116866068257550693e-01 7.769588706895141916e-01
9.734793301520430764e-02 2.333942955809995834e-01 6.692577714037960535e-01
1.027489849732613481e-01 3.304213148500638186e-01 5.668297001766746668e-01
1.020148823719938397e-01 4.550193522041353078e-01 4.429657654238707831e-01
1.141080488789431441e-01 5.533217401391481438e-01 3.325702109819088093e-01
1.084244566650432867e-01 6.648637011304600053e-01 2.267118422044965831e-01
1.079521356006374888e-01 7.914982064723334876e-01 1.005496579270290930e-01
1.188451152961956664e-01 8.811548847038043197e-01 0.000000000000000000e+00
2.156384487135690198e-01 0.000000000000000000e+00 7.843615512864310357e-01
2.177632727014440217e-01 1.154945585606239056e-01 6.667421687379320172e-01
2.303136958822564750e-01 2.137089023549627043e-01 5.559774017627807652e-01
2.259411822269201120e-01 3.271299230712294004e-01 4.469288947018504321e-01
2.228297187258026224e-01 4.426435276244888306e-01 3.345267536497084637e-01
2.307252473263106951e-01 5.590250766220321577e-01 2.102496760516571750e-01
2.224829796965863415e-01 6.654806612476712457e-01 1.120363590557424127e-01
2.159499827324273258e-01 7.840500172675726187e-01 0.000000000000000000e+00
3.466639914033877168e-01 0.000000000000000000e+00 6.533360085966122277e-01
3.447395604020974114e-01 1.141507106565546881e-01 5.411097289413479006e-01
3.333333333333333148e-01 2.222222222222222099e-01 4.444444444444444198e-01
3.383094880954884975e-01 3.252526312406817111e-01 3.364378806638297914e-01
3.326132580138035921e-01 4.351007915311695950e-01 2.322859504550267573e-01
3.511163045204507838e-01 5.391116034093025311e-01 1.097720920702465741e-01
3.269559800582044762e-01 6.730440199417955238e-01 0.000000000000000000e+00
4.374277019523032384e-01 0.000000000000000000e+00 5.625722980476967061e-01
4.281667436428964746e-01 1.328820739225433090e-01 4.389511824345601609e-01
4.413041899144953817e-01 2.179099981142585407e-01 3.407858119712459666e-01
4.477980851698026843e-01 3.321630831145222507e-01 2.200388317156750095e-01
4.362578394378600066e-01 4.511233939686668526e-01 1.126187665934730575e-01
4.536035044787951609e-01 5.463964955212049501e-01 0.000000000000000000e+00
5.472063543211194148e-01 0.000000000000000000e+00 4.527936456788805297e-01
5.544503773489249943e-01 1.125889615053528858e-01 3.329606611457220366e-01
5.549864735517212599e-01 2.211195601278896083e-01 2.238939663203892150e-01
5.613026310963602494e-01 3.300342461608687938e-01 1.086631227427709567e-01
5.621539391820674636e-01 4.378460608179325364e-01 0.000000000000000000e+00
6.595228736885739851e-01 0.000000000000000000e+00 3.404771263114259594e-01
6.656891319144582209e-01 9.710047821947886959e-02 2.372103898660629095e-01
6.613710320632962825e-01 2.321702097772367079e-01 1.064587581594670790e-01
6.753817595713651478e-01 3.246182404286349077e-01 0.000000000000000000e+00
7.723910726810270244e-01 0.000000000000000000e+00 2.276089273189730311e-01
7.917449830872683725e-01 1.024784388395023754e-01 1.057765780732292243e-01
7.777777777777777901e-01 2.222222222222222099e-01 0.000000000000000000e+00
8.871985640843359500e-01 0.000000000000000000e+00 1.128014359156640223e-01
9.019643023521267677e-01 9.803569764787320451e-02 0.000000000000000000e+00
1.000000000000000000e+00 0.000000000000000000e+00 0.000000000000000000e+00
