3.519093633336140003e-02 3.519093633336140003e-02 9.296181273332773110e-01
3.519093633336140003e-02 1.246336554333529745e-01 8.401754082332855145e-01
3.519093633336140003e-02 2.140763745333445489e-01 7.507326891332941621e-01
3.519093633336140003e-02 3.035190936333361234e-01 6.612899700333023656e-01
3.519093633336140003e-02 3.929618127333277533e-01 5.718472509333109022e-01
3.519093633336140003e-02 4.824045318333193277e-01 4.824045318333193277e-01
3.519093633336140003e-02 5.718472509333109022e-01 3.929618127333277533e-01
3.519093633336140003e-02 6.612899700333023656e-01 3.035190936333361234e-01
3.519093633336140003e-02 7.507326891332941621e-01 2.140763745333445489e-01
3.519093633336140003e-02 8.401754082332855145e-01 1.246336554333529745e-01
3.519093633336140003e-02 9.296181273332773110e-01 3.519093633336140003e-02
1.246336554333529745e-01 3.519093633336140003e-02 8.401754082332855145e-01
1.246336554333529745e-01 1.246336554333529745e-01 7.507326891332941621e-01
1.246336554333529745e-01 2.140763745333445489e-01 6.612899700333023656e-01
1.246336554333529745e-01 3.035190936333361234e-01 5.718472509333109022e-01
1.246336554333529745e-01 3.929618127333277533e-01 4.824045318333193277e-01
1.246336554333529745e-01 4.824045318333193277e-01 3.929618127333277533e-01
1.246336554333529745e-01 5.718472509333109022e-01 3.035190936333361234e-01
1.246336554333529745e-01 6.612899700333023656e-01 2.140763745333445489e-01
1.246336554333529745e-01 7.507326891332941621e-01 1.246336554333529745e-01
1.246336554333529745e-01 8.401754082332855145e-01 3.519093633336140003e-02
2.140763745333445489e-01 3.519093633336140003e-02 7.507326891332941621e-01
2.140763745333445489e-01 1.246336554333529745e-01 6.612899700333023656e-01
2.140763745333445489e-01 2.140763745333445489e-01 5.718472509333109022e-01
2.140763745333445489e-01 3.035190936333361234e-01 4.824045318333193277e-01
2.140763745333445489e-01 3.929618127333277533e-01 3.929618127333277533e-01
2.140763745333445489e-01 4.824045318333193277e-01 3.035190936333361234e-01
2.140763745333445489e-01 5.718472509333109022e-01 2.140763745333445489e-01
2.140763745333445489e-01 6.612899700333023656e-01 1.246336554333529745e-01
2.140763745333445489e-01 7.507326891332941621e-01 3.519093633336140003e-02
3.035190936333361234e-01 3.519093633336140003e-02 6.612899700333023656e-01
3.035190936333361234e-01 1.246336554333529745e-01 5.718472509333109022e-01
3.035190936333361234e-01 2.140763745333445489e-01 4.824045318333193277e-01
3.035190936333361234e-01 3.035190936333361234e-01 3.929618127333277533e-01
3.035190936333361234e-01 3.929618127333277533e-01 3.035190936333361234e-01
3.035190936333361234e-01 4.824045318333193277e-01 2.140763745333445489e-01
3.035190936333361234e-01 5.718472509333109022e-01 1.246336554333529745e-01
3.035190936333361234e-01 6.612899700333023656e-01 3.519093633336140003e-02
3.929618127333277533e-01 3.519093633336140003e-02 5.718472509333109022e-01
3.929618127333277533e-01 1.246336554333529745e-01 4.824045318333193277e-01
3.929618127333277533e-01 2.140763745333445489e-01 3.929618127333277533e-01
3.929618127333277533e-01 3.035190936333361234e-01 3.035190936333361234e-01
3.929618127333277533e-01 3.929618127333277533e-01 2.140763745333445489e-01
3.929618127333277533e-01 4.824045318333193277e-01 1.246336554333529745e-01
3.929618127333277533e-01 5.718472509333109022e-01 3.519093633336140003e-02
4.824045318333193277e-01 3.519093633336140003e-02 4.824045318333193277e-01
4.824045318333193277e-01 1.246336554333529745e-01 3.929618127333277533e-01
4.824045318333193277e-01 2.140763745333445489e-01 3.035190936333361234e-01
4.824045318333193277e-01 3.035190936333361234e-01 2.140763745333445489e-01
4.824045318333193277e-01 3.929618127333277533e-01 1.246336554333529745e-01
4.824045318333193277e-01 4.824045318333193277e-01 3.519093633336140003e-02
5.718472509333109022e-01 3.519093633336140003e-02 3.929618127333277533e-01
5.718472509333109022e-01 1.246336554333529745e-01 3.035190936333361234e-01
5.718472509333109022e-01 2.140763745333445489e-01 2.140763745333445489e-01
5.718472509333109022e-01 3.035190936333361234e-01 1.246336554333529745e-01
5.718472509333109022e-01 3.929618127333277533e-01 3.519093633336140003e-02
6.612899700333023656e-01 3.519093633336140003e-02 3.035190936333361234e-01
6.612899700333023656e-01 1.246336554333529745e-01 2.140763745333445489e-01
6.612899700333023656e-01 2.140763745333445489e-01 1.246336554333529745e-01
6.612899700333023656e-01 3.035190936333361234e-01 3.519093633336140003e-02
7.507326891332941621e-01 3.519093633336140003e-02 2.140763745333445489e-01
7.507326891332941621e-01 1.246336554333529745e-01 1.246336554333529745e-01
7.507326891332941621e-01 2.140763745333445489e-01 3.519093633336140003e-02
8.401754082332855145e-01 3.519093633336140003e-02 1.246336554333529745e-01
8.401754082332855145e-01 1.246336554333529745e-01 3.519093633336140003e-02
9.296181273332773110e-01 3.519093633336140003e-02 3.519093633336140003e-02
