7.513444358617221708e-02 7.513444358617221708e-02 8.497311128276556769e-01
7.513444358617221708e-02 1.525941105103205409e-01 7.722714459035071588e-01
7.513444358617221708e-02 2.300537774344688646e-01 6.948117789793589738e-01
7.513444358617221708e-02 3.075134443586172162e-01 6.173521120552105668e-01
7.513444358617221708e-02 3.849731112827655677e-01 5.398924451310622707e-01
7.513444358617221708e-02 4.624327782069138637e-01 4.624327782069138637e-01
7.513444358617221708e-02 5.398924451310622707e-01 3.849731112827655677e-01
7.513444358617221708e-02 6.173521120552105668e-01 3.075134443586172162e-01
7.513444358617221708e-02 6.948117789793589738e-01 2.300537774344688646e-01
7.513444358617221708e-02 7.722714459035071588e-01 1.525941105103205409e-01
7.513444358617221708e-02 8.497311128276556769e-01 7.513444358617221708e-02
1.525941105103205409e-01 7.513444358617221708e-02 7.722714459035071588e-01
1.525941105103205409e-01 1.525941105103205409e-01 6.948117789793589738e-01
1.525941105103205409e-01 2.300537774344688646e-01 6.173521120552105668e-01
1.525941105103205409e-01 3.075134443586172162e-01 5.398924451310622707e-01
1.525941105103205409e-01 3.849731112827655677e-01 4.624327782069138637e-01
1.525941105103205409e-01 4.624327782069138637e-01 3.849731112827655677e-01
1.525941105103205409e-01 5.398924451310622707e-01 3.075134443586172162e-01
1.525941105103205409e-01 6.173521120552105668e-01 2.300537774344688646e-01
1.525941105103205409e-01 6.948117789793589738e-01 1.525941105103205409e-01
1.525941105103205409e-01 7.722714459035071588e-01 7.513444358617221708e-02
2.300537774344688646e-01 7.513444358617221708e-02 6.948117789793589738e-01
2.300537774344688646e-01 1.525941105103205409e-01 6.173521120552105668e-01
2.300537774344688646e-01 2.300537774344688646e-01 5.398924451310622707e-01
2.300537774344688646e-01 3.075134443586172162e-01 4.624327782069138637e-01
2.300537774344688646e-01 3.849731112827655677e-01 3.849731112827655677e-01
2.300537774344688646e-01 4.624327782069138637e-01 3.075134443586172162e-01
2.300537774344688646e-01 5.398924451310622707e-01 2.300537774344688646e-01
2.300537774344688646e-01 6.173521120552105668e-01 1.525941105103205409e-01
2.300537774344688646e-01 6.948117789793589738e-01 7.513444358617221708e-02
3.075134443586172162e-01 7.513444358617221708e-02 6.173521120552105668e-01
3.075134443586172162e-01 1.525941105103205409e-01 5.398924451310622707e-01
3.075134443586172162e-01 2.300537774344688646e-01 4.624327782069138637e-01
3.075134443586172162e-01 3.075134443586172162e-01 3.849731112827655677e-01
3.075134443586172162e-01 3.849731112827655677e-01 3.075134443586172162e-01
3.075134443586172162e-01 4.624327782069138637e-01 2.300537774344688646e-01
3.075134443586172162e-01 5.398924451310622707e-01 1.525941105103205409e-01
3.075134443586172162e-01 6.173521120552105668e-01 7.513444358617221708e-02
3.849731112827655677e-01 7.513444358617221708e-02 5.398924451310622707e-01
3.849731112827655677e-01 1.525941105103205409e-01 4.624327782069138637e-01
3.849731112827655677e-01 2.300537774344688646e-01 3.849731112827655677e-01
3.849731112827655677e-01 3.075134443586172162e-01 3.075134443586172162e-01
3.849731112827655677e-01 3.849731112827655677e-01 2.300537774344688646e-01
3.849731112827655677e-01 4.624327782069138637e-01 1.525941105103205409e-01
3.849731112827655677e-01 5.398924451310622707e-01 7.513444358617221708e-02
4.624327782069138637e-01 7.513444358617221708e-02 4.624327782069138637e-01
4.624327782069138637e-01 1.525941105103205409e-01 3.849731112827655677e-01
4.624327782069138637e-01 2.300537774344688646e-01 3.075134443586172162e-01
4.624327782069138637e-01 3.075134443586172162e-01 2.300537774344688646e-01
4.624327782069138637e-01 3.849731112827655677e-01 1.525941105103205409e-01
4.624327782069138637e-01 4.624327782069138637e-01 7.513444358617221708e-02
5.398924451310622707e-01 7.513444358617221708e-02 3.849731112827655677e-01
5.398924451310622707e-01 1.525941105103205409e-01 3.075134443586172162e-01
5.398924451310622707e-01 2.300537774344688646e-01 2.300537774344688646e-01
5.398924451310622707e-01 3.075134443586172162e-01 1.525941105103205409e-01
5.398924451310622707e-01 3.849731112827655677e-01 7.513444358617221708e-02
6.173521120552105668e-01 7.513444358617221708e-02 3.075134443586172162e-01
6.173521120552105668e-01 1.525941105103205409e-01 2.300537774344688646e-01
6.173521120552105668e-01 2.300537774344688646e-01 1.525941105103205409e-01
6.173521120552105668e-01 3.075134443586172162e-01 7.513444358617221708e-02
6.948117789793589738e-01 7.513444358617221708e-02 2.300537774344688646e-01
6.948117789793589738e-01 1.525941105103205409e-01 1.525941105103205409e-01
6.948117789793589738e-01 2.300537774344688646e-01 7.513444358617221708e-02
7.722714459035071588e-01 7.513444358617221708e-02 1.525941105103205409e-01
7.722714459035071588e-01 1.525941105103205409e-01 7.513444358617221708e-02
8.497311128276556769e-01 7.513444358617221708e-02 7.513444358617221708e-02
