5.444665782197483095e-02 5.444665782197483095e-02 8.911066843560504491e-01
5.444665782197483095e-02 1.381126604753823706e-01 8.074406817026427152e-01
5.444665782197483095e-02 2.217786631287899379e-01 7.237746790492353144e-01
5.444665782197483095e-02 3.054446657821974775e-01 6.401086763958276915e-01
5.444665782197483095e-02 3.891106684356050449e-01 5.564426737424201797e-01
5.444665782197483095e-02 4.727766710890125568e-01 4.727766710890125568e-01
5.444665782197483095e-02 5.564426737424201797e-01 3.891106684356050449e-01
5.444665782197483095e-02 6.401086763958276915e-01 3.054446657821974775e-01
5.444665782197483095e-02 7.237746790492353144e-01 2.217786631287899379e-01
5.444665782197483095e-02 8.074406817026427152e-01 1.381126604753823706e-01
5.444665782197483095e-02 8.911066843560504491e-01 5.444665782197483095e-02
1.381126604753823706e-01 5.444665782197483095e-02 8.074406817026427152e-01
1.381126604753823706e-01 1.381126604753823706e-01 7.237746790492353144e-01
1.381126604753823706e-01 2.217786631287899379e-01 6.401086763958276915e-01
1.381126604753823706e-01 3.054446657821974775e-01 5.564426737424201797e-01
1.381126604753823706e-01 3.891106684356050449e-01 4.727766710890125568e-01
1.381126604753823706e-01 4.727766710890125568e-01 3.891106684356050449e-01
1.381126604753823706e-01 5.564426737424201797e-01 3.054446657821974775e-01
1.381126604753823706e-01 6.401086763958276915e-01 2.217786631287899379e-01
1.381126604753823706e-01 7.237746790492353144e-01 1.381126604753823706e-01
1.381126604753823706e-01 8.074406817026427152e-01 5.444665782197483095e-02
2.217786631287899379e-01 5.444665782197483095e-02 7.237746790492353144e-01
2.217786631287899379e-01 1.381126604753823706e-01 6.401086763958276915e-01
2.217786631287899379e-01 2.217786631287899379e-01 5.564426737424201797e-01
2.217786631287899379e-01 3.054446657821974775e-01 4.727766710890125568e-01
2.217786631287899379e-01 3.891106684356050449e-01 3.891106684356050449e-01
2.217786631287899379e-01 4.727766710890125568e-01 3.054446657821974775e-01
2.217786631287899379e-01 5.564426737424201797e-01 2.217786631287899379e-01
2.217786631287899379e-01 6.401086763958276915e-01 1.381126604753823706e-01
2.217786631287899379e-01 7.237746790492353144e-01 5.444665782197483095e-02
3.054446657821974775e-01 5.444665782197483095e-02 6.401086763958276915e-01
3.054446657821974775e-01 1.381126604753823706e-01 5.564426737424201797e-01
3.054446657821974775e-01 2.217786631287899379e-01 4.727766710890125568e-01
3.054446657821974775e-01 3.054446657821974775e-01 3.891106684356050449e-01
3.054446657821974775e-01 3.891106684356050449e-01 3.054446657821974775e-01
3.054446657821974775e-01 4.727766710890125568e-01 2.217786631287899379e-01
3.054446657821974775e-01 5.564426737424201797e-01 1.381126604753823706e-01
3.054446657821974775e-01 6.401086763958276915e-01 5.444665782197483095e-02
3.891106684356050449e-01 5.444665782197483095e-02 5.564426737424201797e-01
3.891106684356050449e-01 1.381126604753823706e-01 4.727766710890125568e-01
3.891106684356050449e-01 2.217786631287899379e-01 3.891106684356050449e-01
3.891106684356050449e-01 3.054446657821974775e-01 3.054446657821974775e-01
3.891106684356050449e-01 3.891106684356050449e-01 2.217786631287899379e-01
3.891106684356050449e-01 4.727766710890125568e-01 1.381126604753823706e-01
3.891106684356050449e-01 5.564426737424201797e-01 5.444665782197483095e-02
4.727766710890125568e-01 5.444665782197483095e-02 4.727766710890125568e-01
4.727766710890125568e-01 1.381126604753823706e-01 3.891106684356050449e-01
4.727766710890125568e-01 2.217786631287899379e-01 3.054446657821974775e-01
4.727766710890125568e-01 3.054446657821974775e-01 2.217786631287899379e-01
4.727766710890125568e-01 3.891106684356050449e-01 1.381126604753823706e-01
4.727766710890125568e-01 4.727766710890125568e-01 5.444665782197483095e-02
5.564426737424201797e-01 5.444665782197483095e-02 3.891106684356050449e-01
5.564426737424201797e-01 1.381126604753823706e-01 3.054446657821974775e-01
5.564426737424201797e-01 2.217786631287899379e-01 2.217786631287899379e-01
5.564426737424201797e-01 3.054446657821974775e-01 1.381126604753823706e-01
5.564426737424201797e-01 3.891106684356050449e-01 5.444665782197483095e-02
6.401086763958276915e-01 5.444665782197483095e-02 3.054446657821974775e-01
6.401086763958276915e-01 1.381126604753823706e-01 2.217786631287899379e-01
6.401086763958276915e-01 2.217786631287899379e-01 1.381126604753823706e-01
6.401086763958276915e-01 3.054446657821974775e-01 5.444665782197483095e-02
7.237746790492353144e-01 5.444665782197483095e-02 2.217786631287899379e-01
7.237746790492353144e-01 1.381126604753823706e-01 1.381126604753823706e-01
7.237746790492353144e-01 2.217786631287899379e-01 5.444665782197483095e-02
8.074406817026427152e-01 5.444665782197483095e-02 1.381126604753823706e-01
8.074406817026427152e-01 1.381126604753823706e-01 5.444665782197483095e-02
8.911066843560504491e-01 5.444665782197483095e-02 5.444665782197483095e-02
