1.710556731649542916e-02 1.710556731649542916e-02 9.657888653670092527e-01
1.710556731649542916e-02 1.119738971215467893e-01 8.709205355619578093e-01
1.710556731649542916e-02 2.068422269265981772e-01 7.760522057569064769e-01
1.710556731649542916e-02 3.017105567316495374e-01 6.811838759518549224e-01
1.710556731649542916e-02 3.965788865367009253e-01 5.863155461468037011e-01
1.710556731649542916e-02 4.914472163417522577e-01 4.914472163417522577e-01
1.710556731649542916e-02 5.863155461468037011e-01 3.965788865367009253e-01
1.710556731649542916e-02 6.811838759518549224e-01 3.017105567316495374e-01
1.710556731649542916e-02 7.760522057569064769e-01 2.068422269265981772e-01
1.710556731649542916e-02 8.709205355619578093e-01 1.119738971215467893e-01
1.710556731649542916e-02 9.657888653670092527e-01 1.710556731649542916e-02
1.119738971215467893e-01 1.710556731649542916e-02 8.709205355619578093e-01
1.119738971215467893e-01 1.119738971215467893e-01 7.760522057569064769e-01
1.119738971215467893e-01 2.068422269265981772e-01 6.811838759518549224e-01
1.119738971215467893e-01 3.017105567316495374e-01 5.863155461468037011e-01
1.119738971215467893e-01 3.965788865367009253e-01 4.914472163417522577e-01
1.119738971215467893e-01 4.914472163417522577e-01 3.965788865367009253e-01
1.119738971215467893e-01 5.863155461468037011e-01 3.017105567316495374e-01
1.119738971215467893e-01 6.811838759518549224e-01 2.068422269265981772e-01
1.119738971215467893e-01 7.760522057569064769e-01 1.119738971215467893e-01
1.119738971215467893e-01 8.709205355619578093e-01 1.710556731649542916e-02
2.068422269265981772e-01 1.710556731649542916e-02 7.760522057569064769e-01
2.068422269265981772e-01 1.119738971215467893e-01 6.811838759518549224e-01
2.068422269265981772e-01 2.068422269265981772e-01 5.863155461468037011e-01
2.068422269265981772e-01 3.017105567316495374e-01 4.914472163417522577e-01
2.068422269265981772e-01 3.965788865367009253e-01 3.965788865367009253e-01
2.068422269265981772e-01 4.914472163417522577e-01 3.017105567316495374e-01
2.068422269265981772e-01 5.863155461468037011e-01 2.068422269265981772e-01
2.068422269265981772e-01 6.811838759518549224e-01 1.119738971215467893e-01
2.068422269265981772e-01 7.760522057569064769e-01 1.710556731649542916e-02
3.017105567316495374e-01 1.710556731649542916e-02 6.811838759518549224e-01
3.017105567316495374e-01 1.119738971215467893e-01 5.863155461468037011e-01
3.017105567316495374e-01 2.068422269265981772e-01 4.914472163417522577e-01
3.017105567316495374e-01 3.017105567316495374e-01 3.965788865367009253e-01
3.017105567316495374e-01 3.965788865367009253e-01 3.017105567316495374e-01
3.017105567316495374e-01 4.914472163417522577e-01 2.068422269265981772e-01
3.017105567316495374e-01 5.863155461468037011e-01 1.119738971215467893e-01
3.017105567316495374e-01 6.811838759518549224e-01 1.710556731649542916e-02
3.965788865367009253e-01 1.710556731649542916e-02 5.863155461468037011e-01
3.965788865367009253e-01 1.119738971215467893e-01 4.914472163417522577e-01
3.965788865367009253e-01 2.068422269265981772e-01 3.965788865367009253e-01
3.965788865367009253e-01 3.017105567316495374e-01 3.017105567316495374e-01
3.965788865367009253e-01 3.965788865367009253e-01 2.068422269265981772e-01
3.965788865367009253e-01 4.914472163417522577e-01 1.119738971215467893e-01
3.965788865367009253e-01 5.863155461468037011e-01 1.710556731649542916e-02
4.914472163417522577e-01 1.710556731649542916e-02 4.914472163417522577e-01
4.914472163417522577e-01 1.119738971215467893e-01 3.965788865367009253e-01
4.914472163417522577e-01 2.068422269265981772e-01 3.017105567316495374e-01
4.914472163417522577e-01 3.017105567316495374e-01 2.068422269265981772e-01
4.914472163417522577e-01 3.965788865367009253e-01 1.119738971215467893e-01
4.914472163417522577e-01 4.914472163417522577e-01 1.710556731649542916e-02
5.863155461468037011e-01 1.710556731649542916e-02 3.965788865367009253e-01
5.863155461468037011e-01 1.119738971215467893e-01 3.017105567316495374e-01
5.863155461468037011e-01 2.068422269265981772e-01 2.068422269265981772e-01
5.863155461468037011e-01 3.017105567316495374e-01 1.119738971215467893e-01
5.863155461468037011e-01 3.965788865367009253e-01 1.710556731649542916e-02
6.811838759518549224e-01 1.710556731649542916e-02 3.017105567316495374e-01
6.811838759518549224e-01 1.119738971215467893e-01 2.068422269265981772e-01
6.811838759518549224e-01 2.068422269265981772e-01 1.119738971215467893e-01
6.811838759518549224e-01 3.017105567316495374e-01 1.710556731649542916e-02
7.760522057569064769e-01 1.710556731649542916e-02 2.068422269265981772e-01
7.760522057569064769e-01 1.119738971215467893e-01 1.119738971215467893e-01
7.760522057569064769e-01 2.068422269265981772e-01 1.710556731649542916e-02
8.709205355619578093e-01 1.710556731649542916e-02 1.119738971215467893e-01
8.709205355619578093e-01 1.119738971215467893e-01 1.710556731649542916e-02
9.657888653670092527e-01 1.710556731649542916e-02 1.710556731649542916e-02
