0.000000000000000000e+00 0.000000000000000000e+00 1.000000000000000000e+00
0.000000000000000000e+00 1.221880903498713949e-01 8.778119096501284524e-01
0.000000000000000000e+00 1.871142392418658762e-01 8.128857607581341238e-01
0.000000000000000000e+00 2.142584974682665289e-01 7.857415025317334711e-01
0.000000000000000000e+00 2.934924741494275291e-01 7.065075258505723044e-01
0.000000000000000000e+00 4.291841645725786303e-01 5.708158354274213142e-01
0.000000000000000000e+00 4.571955448908437969e-01 5.428044551091563141e-01
0.000000000000000000e+00 5.425897642604378124e-01 4.574102357395621876e-01
0.000000000000000000e+00 6.191807963133524328e-01 3.808192036866476227e-01
0.000000000000000000e+00 7.220137965319008977e-01 2.779862034680991023e-01
0.000000000000000000e+00 7.807841496976386519e-01 2.192158503023613758e-01
0.000000000000000000e+00 8.150803762660925322e-01 1.849196237339074678e-01
0.000000000000000000e+00 9.038410228991713424e-01 9.615897710082857430e-02
0.000000000000000000e+00 1.000000000000000000e+00 0.000000000000000000e+00
4.318180986389581755e-02 0.000000000000000000e+00 9.568181901361042518e-01
4.878883064459541702e-02 8.775959382931249053e-02 8.634515755260919745e-01
5.967623017809473712e-02 1.581594343405847425e-01 7.821643354813205828e-01
8.151935205458737954e-02 2.354581137968988214e-01 6.830225341485138824e-01
7.144863310833432513e-02 3.388525108735389590e-01 5.896988560181267713e-01
8.227298042858734173e-02 3.814330721433470406e-01 5.362939474280656871e-01
8.905223033997415605e-02 4.459766305282872878e-01 4.649711391317387643e-01
5.695932548802448009e-02 5.589719702776985155e-01 3.840687042342770807e-01
7.975673449288975259e-02 6.125756738817276226e-01 3.076675916253825971e-01
8.724730496115609690e-02 6.980756739723400495e-01 2.146770210665038536e-01
9.208559073608568735e-02 7.647906962390682573e-01 1.431237130248462219e-01
9.819562972966808245e-02 8.069463722350532775e-01 9.485799803527872331e-02
7.446241564232324028e-02 9.255375843576766348e-01 0.000000000000000000e+00
8.118336577311277558e-02 0.000000000000000000e+00 9.188166342268875297e-01
1.427910802028551918e-01 7.839416680741351229e-02 7.788147529897313515e-01
1.507188698315488351e-01 1.684078522446036397e-01 6.808732779238475530e-01
1.909824787934245871e-01 1.940415803265988504e-01 6.149759408799767568e-01
1.665782012893548825e-01 2.946485862759506413e-01 5.387732124346943374e-01
1.640236977249721617e-01 3.903581178818114061e-01 4.456181843932164877e-01
1.658726018560908733e-01 4.432995342132931560e-01 3.908278639306159707e-01
1.715645895271829258e-01 5.568844107274034672e-01 2.715509997454135793e-01
1.714561007374303114e-01 6.133857224880068237e-01 2.151581767745627261e-01
1.508916074372300686e-01 6.869674957470794929e-01 1.621408968156903274e-01
1.712233201681361006e-01 7.356376660436924064e-01 9.313901378817167342e-02
1.111457544986557688e-01 8.888542455013441757e-01 0.000000000000000000e+00
2.777296056604961483e-01 0.000000000000000000e+00 7.222703943395037962e-01
2.535859120414128975e-01 7.445736415431061794e-02 6.719567238042765123e-01
2.585086242459764816e-01 1.423946585393098818e-01 5.990967172147135811e-01
2.490501027171544424e-01 2.081567855146038704e-01 5.427931117682416318e-01
2.060024834030404761e-01 3.185620372482761975e-01 4.754354793486833541e-01
2.069824176824941464e-01 3.796944477496042580e-01 4.133231345679018731e-01
2.280890854984241323e-01 4.592776278462454842e-01 3.126332866553303558e-01
2.558423449986863552e-01 5.367441565794435210e-01 2.074134984218701239e-01
2.220699191174113352e-01 6.218044961134167048e-01 1.561255847691719045e-01
2.537433308653011532e-01 6.761712063315429289e-01 7.008546280315597343e-02
2.560138757416144939e-01 7.439861242583855061e-01 0.000000000000000000e+00
3.382718953978272602e-01 0.000000000000000000e+00 6.617281046021727953e-01
3.004310433740886577e-01 9.280411792127027382e-02 6.067648387046408187e-01
3.430054023851560330e-01 1.248188286046652273e-01 5.321757690101787119e-01
2.609090667375964512e-01 2.517632794735242263e-01 4.873276537888793225e-01
2.951821434068812589e-01 3.339670783710173563e-01 3.708507782221013849e-01
3.162553469754445512e-01 3.801067741079252604e-01 3.036378789166301884e-01
3.175891507863529695e-01 4.737147345610214777e-01 2.086961146526255806e-01
3.058022735406743520e-01 5.349658795770033670e-01 1.592318468823223643e-01
3.195385697306198924e-01 6.059322638234855285e-01 7.452916644589466233e-02
3.497781732615855566e-01 6.502218267384145545e-01 0.000000000000000000e+00
3.885621267260274125e-01 0.000000000000000000e+00 6.114378732739726985e-01
4.012985348528755325e-01 5.605545052580464260e-02 5.426460146213198943e-01
3.991967296284716360e-01 1.301994635513656906e-01 4.706038068201627289e-01
3.670754099390692859e-01 2.265865364049126640e-01 4.063380536560182721e-01
3.603805802669227121e-01 3.251962051910320950e-01 3.144232145420453595e-01
3.948391110234982793e-01 4.039897949052090875e-01 2.011710940712926055e-01
3.900159994873865221e-01 4.865720334421489435e-01 1.234119670704645899e-01
3.717159448316580961e-01 5.518703494929054765e-01 7.641370567543644132e-02
3.736529997901213429e-01 6.263470002098787681e-01 0.000000000000000000e+00
5.049993175887145247e-01 0.000000000000000000e+00 4.950006824112854198e-01
4.398666741606418462e-01 9.898665909048126599e-02 4.611466667488768323e-01
4.385916164603461675e-01 1.786839825174694751e-01 3.827244010221843573e-01
4.676311933446579694e-01 2.003591678723789515e-01 3.320096387829630791e-01
4.740764251920459582e-01 2.841528604730496621e-01 2.417707143349042409e-01
4.370376608941691221e-01 3.989184508485771330e-01 1.640438882572538004e-01
4.361331836934707051e-01 5.003914788392074264e-01 6.347533746732178517e-02
4.282879438555017293e-01 5.717120561444984927e-01 0.000000000000000000e+00
5.912966197873500418e-01 0.000000000000000000e+00 4.087033802126500137e-01
5.117871320107123534e-01 1.073211609815533790e-01 3.808917070077343925e-01
5.270675510587152779e-01 1.713673620307712420e-01 3.015650869105135357e-01
5.295028128281872304e-01 2.308900591250555578e-01 2.396071280467572673e-01
5.284754310672251654e-01 3.234857008322391536e-01 1.480388681005356255e-01
5.601551817563606983e-01 3.619721463448835053e-01 7.787267189875569928e-02
5.133716873095071076e-01 4.866283126904930034e-01 0.000000000000000000e+00
6.071110476920885679e-01 0.000000000000000000e+00 3.928889523079115986e-01
6.324763874355627813e-01 8.172133450273424971e-02 2.858022780617029968e-01
6.446374564673105212e-01 1.424671543057849377e-01 2.128953892269044579e-01
6.206507879597336075e-01 2.568855251768019654e-01 1.224636868634644687e-01
6.281933650062638819e-01 3.035290676683888855e-01 6.827756732534731587e-02
5.822973733214479308e-01 4.177026266785521802e-01 0.000000000000000000e+00
6.701845666790982037e-01 0.000000000000000000e+00 3.298154333209017963e-01
7.065537900177955022e-01 8.802819952058014985e-02 2.054180104616243896e-01
6.883602349567260470e-01 1.501164797592433042e-01 1.615232852840305378e-01
6.591391062030815817e-01 2.428974285822355639e-01 9.796346521468274338e-02
6.685207889255572189e-01 3.314792110744427256e-01 0.000000000000000000e+00
7.958333120444951447e-01 0.000000000000000000e+00 2.041666879555049663e-01
7.707396975593946431e-01 9.307341463497709189e-02 1.361868878056283760e-01
7.872021113689974259e-01 1.328071290589075693e-01 7.999075957209511589e-02
7.562727410433844888e-01 2.437272589566153724e-01 0.000000000000000000e+00
8.747123731323043216e-01 0.000000000000000000e+00 1.252876268676954841e-01
8.160466963541603835e-01 8.572055659611493850e-02 9.823274704972473348e-02
8.456955583396218445e-01 1.543044416603782110e-01 0.000000000000000000e+00
9.441635119725159120e-01 0.000000000000000000e+00 5.583648802748398393e-02
9.181913351279019642e-01 8.180866487209816074e-02 0.000000000000000000e+00
1.000000000000000000e+00 0.000000000000000000e+00 0.000000000000000000e+00
