0.000000000000000000e+00 0.000000000000000000e+00 1.000000000000000000e+00
0.000000000000000000e+00 9.483094316773094112e-02 9.051690568322690034e-01
0.000000000000000000e+00 1.618773270978575984e-01 8.381226729021423738e-01
0.000000000000000000e+00 2.341435953979013329e-01 7.658564046020988059e-01
0.000000000000000000e+00 3.138776847791922009e-01 6.861223152208075771e-01
0.000000000000000000e+00 3.720787303898442366e-01 6.279212696101559299e-01
0.000000000000000000e+00 4.611087435115290289e-01 5.388912564884709155e-01
0.000000000000000000e+00 5.384615384615384359e-01 4.615384615384615641e-01
0.000000000000000000e+00 6.250995714836380390e-01 3.749004285163620720e-01
0.000000000000000000e+00 7.013293744399266005e-01 2.986706255600735105e-01
0.000000000000000000e+00 7.626231624013711796e-01 2.373768375986288759e-01
0.000000000000000000e+00 8.400642301838571191e-01 1.599357698161429087e-01
0.000000000000000000e+00 9.348510619655787668e-01 6.514893803442133036e-02
0.000000000000000000e+00 1.000000000000000000e+00 0.000000000000000000e+00
9.085011434148504428e-02 0.000000000000000000e+00 9.091498856585149557e-01
7.483547370746923555e-02 6.912006862361731729e-02 8.560444576689133500e-01
8.339802500645714101e-02 1.525664648233889809e-01 7.640355101701539198e-01
7.442444899001822434e-02 2.280838439974399168e-01 6.974917070125418173e-01
7.922173698892505389e-02 3.122049452428374283e-01 6.085733177682375317e-01
7.655710835278184412e-02 3.899745583403309013e-01 5.334683333068872546e-01
7.071762472098613861e-02 4.628294280253102966e-01 4.664529472537036758e-01
8.550196534565644713e-02 5.347627571696905724e-01 3.797352774846530776e-01
7.487760307023735851e-02 6.097178604718065387e-01 3.154045364579561306e-01
8.621029871223585828e-02 6.903927947990380343e-01 2.233969064887261768e-01
7.492035632325488859e-02 7.651276694955525537e-01 1.599519741811925577e-01
8.335124954122258290e-02 8.483721966296835504e-01 6.827655382909399162e-02
8.448162220794226684e-02 9.155183777920576915e-01 0.000000000000000000e+00
1.689242447729694674e-01 0.000000000000000000e+00 8.310757552270306991e-01
1.498684258001342917e-01 7.515525476785432646e-02 7.749763194320112847e-01
1.548197879610471728e-01 1.544073924493885031e-01 6.907728195895644907e-01
1.452249252955725156e-01 2.330042127150579734e-01 6.217708619893693722e-01
1.608537006775389022e-01 3.058620786257859603e-01 5.332842206966751375e-01
1.464099534343518694e-01 3.934720958776352639e-01 4.601179506880129777e-01
1.502911063504869804e-01 4.594138313915872018e-01 3.902950622579258733e-01
1.579705082695770368e-01 5.378675495783673544e-01 3.041619421520557198e-01
1.512552042247845840e-01 6.233924978620045687e-01 2.253522979132109583e-01
1.538461538461538547e-01 6.923076923076922906e-01 1.538461538461538547e-01
1.599648714342702671e-01 7.678472751939563468e-01 7.218785337177346939e-02
1.664818792836868511e-01 8.335181207163132600e-01 0.000000000000000000e+00
2.436944074398906812e-01 0.000000000000000000e+00 7.563055925601094298e-01
2.284895519573168221e-01 8.235603486382415961e-02 6.891544131788589489e-01
2.287423101099434197e-01 1.538944289030971246e-01 6.173632609869595944e-01
2.190369271431321929e-01 2.387951272269786263e-01 5.421679456298892363e-01
2.278145362195332924e-01 3.119598066032190364e-01 4.602256571772476712e-01
2.338662658871198674e-01 3.818122760587766562e-01 3.843214580541036152e-01
2.309806830995246030e-01 4.592376037418348655e-01 3.097817131586405592e-01
2.323214209504360084e-01 5.398451447669924130e-01 2.278334342825715231e-01
2.324629832315264211e-01 6.124391142956141509e-01 1.550979024728595945e-01
2.338822820714988038e-01 6.817817974718397567e-01 8.433592045666139791e-02
2.310412569040843356e-01 7.689587430959158310e-01 0.000000000000000000e+00
3.032017516761534859e-01 0.000000000000000000e+00 6.967982483238466251e-01
3.014279618123756332e-01 8.424700047423190619e-02 6.143250377133921969e-01
3.124156946918273947e-01 1.556097084730025948e-01 5.319745968351700105e-01
3.058653714395648260e-01 2.384001649921431987e-01 4.557344635682921141e-01
3.069229674654382900e-01 3.114596585820932906e-01 3.816173739524684749e-01
3.069091645587036510e-01 3.959499147603938729e-01 2.971409206809024206e-01
3.209545996485876351e-01 4.620324537110997998e-01 2.170129466403125096e-01
2.962446998866826720e-01 5.517381035240904730e-01 1.520171965892269661e-01
3.085772468961436865e-01 6.146773219637419183e-01 7.674543114011452005e-02
3.225059372586156492e-01 6.774940627413843508e-01 0.000000000000000000e+00
3.893670976005647044e-01 0.000000000000000000e+00 6.106329023994353511e-01
3.807464608016450924e-01 7.486498996296744868e-02 5.443885492353873756e-01
3.916120347435226856e-01 1.514692906390344151e-01 4.569186746174428437e-01
3.821343715029975052e-01 2.368781060269454231e-01 3.809875224700570717e-01
3.797317711588057976e-01 3.104297339687159263e-01 3.098384948724784427e-01
3.812959177694399404e-01 3.889210272463946572e-01 2.297830549841655134e-01
3.888159752094365040e-01 4.760586979596083124e-01 1.351253268309552114e-01
3.888111098523963638e-01 5.411851074581408572e-01 7.000378268946293170e-02
3.860554182832103276e-01 6.139445817167897834e-01 0.000000000000000000e+00
4.636334949738913358e-01 0.000000000000000000e+00 5.363665050261087197e-01
4.622432909809197077e-01 7.406591724841328495e-02 4.636907917706670212e-01
4.603024108935420688e-01 1.613644968491182163e-01 3.783330922573397426e-01
4.757641687399939423e-01 2.300355260093888132e-01 2.942003052506173000e-01
4.622949842635965534e-01 3.084376998405735648e-01 2.292673158958299373e-01
4.546222913905288432e-01 3.870700282594166652e-01 1.583076803500546581e-01
4.559773730964156169e-01 4.632547280063631923e-01 8.076789889722126026e-02
4.581318036845677955e-01 5.418681963154323711e-01 0.000000000000000000e+00
5.400654312244408395e-01 0.000000000000000000e+00 4.599345687755592160e-01
5.383445692724214693e-01 8.053013073484967255e-02 3.811252999927289276e-01
5.331028822158683234e-01 1.591635384274166787e-01 3.077335793567149147e-01
5.429248735423498617e-01 2.289548778369119297e-01 2.281202486207381808e-01
5.376754488017947420e-01 3.130057391254741361e-01 1.493188120727310664e-01
5.358440319880739544e-01 3.838173920543082596e-01 8.033857595761778603e-02
5.434194539169788785e-01 4.565805460830210660e-01 0.000000000000000000e+00
6.197127329897871295e-01 0.000000000000000000e+00 3.802872670102131480e-01
6.152922052442247880e-01 7.170022763393910092e-02 3.130075671218363054e-01
6.157062396647805524e-01 1.519449903879900310e-01 2.323487699472294998e-01
6.183925147253652721e-01 2.342802478242733133e-01 1.473272374503615256e-01
6.188377122649317830e-01 3.019029663236263983e-01 7.925932141144195753e-02
6.156267370844452635e-01 3.843732629155548475e-01 0.000000000000000000e+00
6.973763818643773371e-01 0.000000000000000000e+00 3.026236181356226074e-01
6.904789776682700442e-01 9.055560194265840912e-02 2.189654203890713524e-01
6.997439658692400366e-01 1.414954934311524748e-01 1.587605406996074886e-01
6.981198914563135904e-01 2.231696888947540258e-01 7.871041964893227272e-02
6.916982102772673002e-01 3.083017897227326443e-01 0.000000000000000000e+00
7.739903598777850835e-01 0.000000000000000000e+00 2.260096401222148887e-01
7.640824545029629711e-01 7.232445805664805549e-02 1.635930874403891677e-01
7.607021040378696419e-01 1.605325459719742498e-01 7.876534999015619154e-02
7.722845989324435001e-01 2.277154010675566387e-01 0.000000000000000000e+00
8.426124897948699122e-01 0.000000000000000000e+00 1.573875102051301433e-01
8.436894853158575236e-01 6.723329232389793630e-02 8.907722236024449847e-02
8.537451551023277352e-01 1.462548448976723758e-01 0.000000000000000000e+00
9.178270700834221252e-01 0.000000000000000000e+00 8.217292991657802748e-02
9.251307504858869990e-01 7.486924951411300100e-02 0.000000000000000000e+00
1.000000000000000000e+00 0.000000000000000000e+00 0.000000000000000000e+00
