0.000000000000000000e+00 0.000000000000000000e+00 1.000000000000000000e+00
0.000000000000000000e+00 2.193414692623556206e-02 9.780658530737644796e-01
0.000000000000000000e+00 1.380759577779357150e-01 8.619240422220644238e-01
0.000000000000000000e+00 1.864088047374025670e-01 8.135911952625975996e-01
0.000000000000000000e+00 2.316483173663717587e-01 7.683516826336284078e-01
0.000000000000000000e+00 3.845263364749693102e-01 6.154736635250310783e-01
0.000000000000000000e+00 4.641409637232439267e-01 5.358590362767565729e-01
0.000000000000000000e+00 5.463102777811453814e-01 4.536897222188548962e-01
0.000000000000000000e+00 6.454534148681942973e-01 3.545465851318057027e-01
0.000000000000000000e+00 6.707533679150408101e-01 3.292466320849594119e-01
0.000000000000000000e+00 7.583305559853295019e-01 2.416694440146706924e-01
0.000000000000000000e+00 9.269207975079444273e-01 7.307920249205568375e-02
0.000000000000000000e+00 9.605302438678390287e-01 3.946975613216116563e-02
0.000000000000000000e+00 1.000000000000000000e+00 0.000000000000000000e+00
4.206848881209306057e-02 0.000000000000000000e+00 9.579315111879069811e-01
4.119430265040988082e-02 6.321987559826798553e-02 8.955858217513221753e-01
8.714755201296904563e-02 1.338807895894766897e-01 7.789716583975542230e-01
9.286744698744653359e-02 2.206766345474635016e-01 6.864559184650902424e-01
1.019908542386855216e-01 2.609176300256935144e-01 6.370915157356212832e-01
4.982432197726756329e-02 4.057996078845311771e-01 5.443760701382015510e-01
1.120173356329864506e-01 4.485674839586530904e-01 4.394151804083604729e-01
5.143083473181523507e-02 5.335605575078089524e-01 4.150086077603758472e-01
7.464487881383363721e-02 6.117916260856992583e-01 3.135634951004673265e-01
7.074664334045946412e-02 6.909461228126468901e-01 2.383072338468937290e-01
5.203825866023112368e-02 7.836424014037689512e-01 1.643193399360001750e-01
6.614808693967293152e-02 8.761392013819667701e-01 5.771271167836035387e-02
6.941583258668368450e-02 9.305841674133163988e-01 0.000000000000000000e+00
1.064066064332635370e-01 0.000000000000000000e+00 8.935933935667362826e-01
1.298841784308724656e-01 8.472372277249905215e-02 7.853920987966284128e-01
1.516570020602430180e-01 1.482692474829818141e-01 7.000737504567753344e-01
1.818529683017869325e-01 1.746567424132963453e-01 6.434902892849168055e-01
1.708735429913673665e-01 2.695035793533243074e-01 5.596228776553084927e-01
1.870982246882778866e-01 3.323652199480431335e-01 4.805365553636789522e-01
1.526329680967539459e-01 4.658449333815565252e-01 3.815220985216895566e-01
1.130748906347097127e-01 5.171807619681417778e-01 3.697443473971485650e-01
1.316469806007769527e-01 6.002895955139484485e-01 2.680634238852748208e-01
1.199417330587343594e-01 6.932574480838533670e-01 1.868008188574122874e-01
9.959687024239385900e-02 8.360455943805684687e-01 6.435753537703767235e-02
9.571119483844743592e-02 9.042888051615526335e-01 0.000000000000000000e+00
1.742742494344343140e-01 0.000000000000000000e+00 8.257257505655655194e-01
1.606264122228120150e-01 7.334100080314026604e-02 7.660325869740475246e-01
2.154216886753618498e-01 1.436151868821380906e-01 6.409631244425002539e-01
2.270159966244613137e-01 1.785627456250509781e-01 5.944212577504879302e-01
2.321244078201712413e-01 2.735464945373562440e-01 4.943290976424726813e-01
1.853666787012920314e-01 4.013691522950620927e-01 4.132641690036460425e-01
1.950286945239174952e-01 4.653416458272696676e-01 3.396296596488129205e-01
2.211711598598918860e-01 5.289563071278976514e-01 2.498725330122104349e-01
1.828929104724422994e-01 6.299950788946480085e-01 1.871120106329097199e-01
1.660663768016604758e-01 7.790034325300654316e-01 5.493019066827407176e-02
1.252268113106556613e-01 8.747731886893445052e-01 0.000000000000000000e+00
2.498169279188615644e-01 0.000000000000000000e+00 7.501830720811383246e-01
2.857606492264349041e-01 4.422139695672757526e-02 6.700179538168375970e-01
2.648157492858670414e-01 1.418333125587094568e-01 5.933509381554236128e-01
3.669664582766915539e-01 2.332311533311391405e-01 3.998023883921696942e-01
3.290973304744286287e-01 3.161241379804602403e-01 3.547785315451115196e-01
2.997426916912520056e-01 4.085810021663670022e-01 2.916763061423811587e-01
2.493759782226921407e-01 4.979879158542173667e-01 2.526361059230906037e-01
2.567396846218354955e-01 5.491066384381049215e-01 1.941536769400597773e-01
2.652513667616113735e-01 6.736763886881156349e-01 6.107224455027304016e-02
1.748328000494735468e-01 8.251671999505266752e-01 0.000000000000000000e+00
3.180584584321293207e-01 0.000000000000000000e+00 6.819415415678706793e-01
3.422606517302256846e-01 7.389922644374931349e-02 5.838401218260250713e-01
4.273981012104252630e-01 1.125244929602571831e-01 4.600774058293177204e-01
4.243322897471729638e-01 2.039968251824860190e-01 3.716708850703414058e-01
4.330917712833354249e-01 2.418055375903013782e-01 3.251026911263634744e-01
3.783045494554316823e-01 3.668537295308322288e-01 2.548417210137361999e-01
3.884531161013964340e-01 4.673233870790611255e-01 1.442234968195426625e-01
3.748086421550717029e-01 5.465753587630026722e-01 7.861599908192574981e-02
4.142111286614662546e-01 5.857888713385337454e-01 0.000000000000000000e+00
3.783244706769824939e-01 0.000000000000000000e+00 6.216755293230176171e-01
4.618239394210861826e-01 6.643934663629204318e-02 4.717367139426218992e-01
4.859562060226925162e-01 1.452373118480160263e-01 3.688064821292917905e-01
4.608316811333313945e-01 1.983123421078999693e-01 3.408559767587689970e-01
4.520449905790258072e-01 2.577472918250319212e-01 2.902077175959424937e-01
4.452693475798897849e-01 4.034004340951843903e-01 1.513302183249259081e-01
5.064930340111012397e-01 4.145176377680231394e-01 7.898932822087570416e-02
4.802724947451330606e-01 5.197275052548668839e-01 0.000000000000000000e+00
4.612786091610800998e-01 0.000000000000000000e+00 5.387213908389200112e-01
5.447019959162608949e-01 5.497953504971579697e-02 4.003184690340236274e-01
5.068435165904748851e-01 1.765696510801159358e-01 3.165868323294094844e-01
5.585771325846470292e-01 2.190283723592690579e-01 2.223944950560842737e-01
5.440339841832670942e-01 2.672168023061439746e-01 1.887492135105891533e-01
5.574692253148670895e-01 3.782710086155260387e-01 6.425976606960703830e-02
5.391885427607379100e-01 4.608114572392620900e-01 0.000000000000000000e+00
5.675405976551544107e-01 0.000000000000000000e+00 4.324594023448458113e-01
6.460574919916615144e-01 5.622251779927180115e-02 2.977199902090668648e-01
5.969552522604528733e-01 1.302737127050066501e-01 2.727710350345406431e-01
6.428367702590344068e-01 1.829190870904991439e-01 1.742441426504667545e-01
6.339123303104817753e-01 3.091645116193604270e-01 5.692315807015810997e-02
6.831701806403821520e-01 3.168298193596180701e-01 0.000000000000000000e+00
7.257446672847222002e-01 0.000000000000000000e+00 2.742553327152778553e-01
6.826222765812272053e-01 7.506748329563593669e-02 2.423102401231372049e-01
6.694190837052098608e-01 1.283699267979399594e-01 2.022109894968503463e-01
7.010319983317482295e-01 2.461707447375768021e-01 5.279725693067514880e-02
7.265871320734988981e-01 2.734128679265014350e-01 0.000000000000000000e+00
8.170952040353754997e-01 0.000000000000000000e+00 1.829047959646245003e-01
8.032625007712879128e-01 5.275650015009385185e-02 1.439809990786183325e-01
7.660757968033713450e-01 1.139420862601022572e-01 1.199821169365265505e-01
7.438509318391205438e-01 2.561490681608799003e-01 0.000000000000000000e+00
8.576056624290568919e-01 0.000000000000000000e+00 1.423943375709431636e-01
8.798581085981751482e-01 6.621918276973143280e-02 5.392270863209362719e-02
8.527268282642741504e-01 1.472731717357260717e-01 0.000000000000000000e+00
9.217255248214386576e-01 0.000000000000000000e+00 7.827447517856135628e-02
8.828127080951382322e-01 1.171872919048618789e-01 0.000000000000000000e+00
1.000000000000000000e+00 0.000000000000000000e+00 0.000000000000000000e+00
