0.000000000000000000e+00 0.000000000000000000e+00 1.000000000000000000e+00
0.000000000000000000e+00 9.808884679293050635e-02 9.019111532070693826e-01
0.000000000000000000e+00 1.372317272888508299e-01 8.627682727111489758e-01
0.000000000000000000e+00 2.149437645422166976e-01 7.850562354577830249e-01
0.000000000000000000e+00 2.855147685883886455e-01 7.144852314116112435e-01
0.000000000000000000e+00 3.705877379265901106e-01 6.294122620734099449e-01
0.000000000000000000e+00 4.511978278104525897e-01 5.488021721895475213e-01
0.000000000000000000e+00 5.308385200248275648e-01 4.691614799751724352e-01
0.000000000000000000e+00 6.173832647771216875e-01 3.826167352228783680e-01
0.000000000000000000e+00 6.769597567966550988e-01 3.230402432033448457e-01
0.000000000000000000e+00 7.821615492437119510e-01 2.178384507562878269e-01
0.000000000000000000e+00 8.536302635882002665e-01 1.463697364117996780e-01
0.000000000000000000e+00 9.100901963625680491e-01 8.990980363743199255e-02
0.000000000000000000e+00 1.000000000000000000e+00 0.000000000000000000e+00
5.749970393426790533e-02 0.000000000000000000e+00 9.425002960657320461e-01
7.322587510819184020e-02 8.579489715683082107e-02 8.409792277349775746e-01
6.611466487282380289e-02 1.651145076485510677e-01 7.687708274786251295e-01
7.065687151960380052e-02 2.270267934263605625e-01 7.023163350540356786e-01
7.825512016895944112e-02 3.112715789608839767e-01 6.104733008701564989e-01
8.399225173135450861e-02 3.650560563937150782e-01 5.509516918749304271e-01
8.044228843078644886e-02 4.410806449162430476e-01 4.784770666529702954e-01
5.196690926920287390e-02 5.693092816987568305e-01 3.787238090320402817e-01
8.586895630706226079e-02 6.007743839587682544e-01 3.133566597341695958e-01
8.226784908050442657e-02 6.875330178000689241e-01 2.301991331194267743e-01
6.654417195410441965e-02 7.739326508526117587e-01 1.595231771932839882e-01
8.941938504666840926e-02 8.289560540849554293e-01 8.162456086837616143e-02
5.047728674612799588e-02 9.495227132538720527e-01 0.000000000000000000e+00
1.252643596176135077e-01 0.000000000000000000e+00 8.747356403823864923e-01
1.608500566728550685e-01 7.036281048224843349e-02 7.687871328448966368e-01
1.550672323536802788e-01 1.543836192332839752e-01 6.905491484130357183e-01
1.678164723804140279e-01 2.479599759253503510e-01 5.842235516942356766e-01
1.616988712961336117e-01 3.064536313444265470e-01 5.318474973594400357e-01
1.735626031193855112e-01 3.707670561291013800e-01 4.556703407515133031e-01
1.528744936410118271e-01 4.695061608131788633e-01 3.776193455458092263e-01
1.496502168799714871e-01 5.362626914511304799e-01 3.140870916688980330e-01
1.394744959926873251e-01 6.220330075189958174e-01 2.384924964883170517e-01
1.556990929586231920e-01 6.875051076283614782e-01 1.567957994130154131e-01
1.465707604573241174e-01 7.770962519478689101e-01 7.633298759480702800e-02
1.679613463425670417e-01 8.320386536574329028e-01 0.000000000000000000e+00
2.217776525519015718e-01 0.000000000000000000e+00 7.782223474480985947e-01
2.217843063589766128e-01 6.104336695728387885e-02 7.171723266837395361e-01
2.425499127346845696e-01 1.477098222473463285e-01 6.097402650179689632e-01
2.321369233396427811e-01 2.194427329208032407e-01 5.484203437395539504e-01
2.480158894223216393e-01 2.720736836997194596e-01 4.799104268779589844e-01
2.305622155177698418e-01 3.767154622664425911e-01 3.927223222157876226e-01
2.298310335142448313e-01 4.752075640323427663e-01 2.949614024534124024e-01
2.096258607987436240e-01 5.528591145689721875e-01 2.375150246322842162e-01
2.111768229469352665e-01 6.276901346584785601e-01 1.611330423945860901e-01
2.176312389041588358e-01 7.158702144964058656e-01 6.649854659943535418e-02
2.124972413930443782e-01 7.875027586069556218e-01 0.000000000000000000e+00
3.086901143586123775e-01 0.000000000000000000e+00 6.913098856413875115e-01
3.201012660473035454e-01 5.826182391284866896e-02 6.216369100398477787e-01
2.962449851858656169e-01 1.530792679760279440e-01 5.506757468381060505e-01
3.153069484719301374e-01 2.124657086243904869e-01 4.722273429036794035e-01
2.951455642717939476e-01 3.124585439704427592e-01 3.923958917577632932e-01
3.133168750278604864e-01 3.742299516163852813e-01 3.124531733557542323e-01
3.158728052793630114e-01 4.738812951325250822e-01 2.102458995881119341e-01
3.204853253342609953e-01 5.468641483388390068e-01 1.326505263268999424e-01
3.138036679472302470e-01 6.420555479298619694e-01 4.414078412290797088e-02
3.384555009036748219e-01 6.615444990963250671e-01 0.000000000000000000e+00
3.983745407729443744e-01 0.000000000000000000e+00 6.016254592270557922e-01
3.934053693414795161e-01 6.283226958719549671e-02 5.437623610713249178e-01
3.987231276504563104e-01 1.302286267974138434e-01 4.710482455521298739e-01
3.700816024647036739e-01 2.608825785646041728e-01 3.690358189706922643e-01
3.962681623365715833e-01 3.053507034619413196e-01 2.983811342014870416e-01
3.667371148240988199e-01 3.904667994542742604e-01 2.427960857216268920e-01
3.773647308411547385e-01 4.513782137809087547e-01 1.712570553779363403e-01
3.930227265460697894e-01 5.347818320277617499e-01 7.219544142616859950e-02
3.869811618234325068e-01 6.130188381765675487e-01 0.000000000000000000e+00
4.705598651475852434e-01 0.000000000000000000e+00 5.294401348524147011e-01
4.504521408654409420e-01 5.645187056125846453e-02 4.930959885733006143e-01
4.619942702108555954e-01 1.515684610779746977e-01 3.864372687111696791e-01
4.698639091109649835e-01 2.118055722013706954e-01 3.183305186876642656e-01
4.551966657058760246e-01 2.991097043180032111e-01 2.456936299761208198e-01
4.709698598661714586e-01 3.707419557323237136e-01 1.582881844015050499e-01
4.502227220987875533e-01 4.582324691502019931e-01 9.154480875101055071e-02
4.855085132381320445e-01 5.144914867618678445e-01 0.000000000000000000e+00
5.282205464741015488e-01 0.000000000000000000e+00 4.717794535258984512e-01
5.503117206711233278e-01 7.279845934764893334e-02 3.768898199812278915e-01
5.170105662986660411e-01 1.590447243781962505e-01 3.239447093231377361e-01
5.341716598845323016e-01 2.237960760953141837e-01 2.420322640201532927e-01
5.574646887286046626e-01 2.955571916466569471e-01 1.469781196247383348e-01
5.600944450330396229e-01 3.602575257724429658e-01 7.964802919451743901e-02
5.619327265580690289e-01 4.380672734419309156e-01 0.000000000000000000e+00
6.081537649002626278e-01 0.000000000000000000e+00 3.918462350997373167e-01
6.078175838109564078e-01 7.453015897287482150e-02 3.176522572161687985e-01
6.121975675060969957e-01 1.609921956892282624e-01 2.268102368046746031e-01
6.289745481048842901e-01 2.200259127541454862e-01 1.509995391409702792e-01
6.488062302787676039e-01 2.873221591324172097e-01 6.387161058881510312e-02
6.351671548248633004e-01 3.648328451751367552e-01 0.000000000000000000e+00
7.178042395640548134e-01 0.000000000000000000e+00 2.821957604359451310e-01
6.986547502544260269e-01 8.474051735709563216e-02 2.166047323884783271e-01
7.153905622016739629e-01 1.436909408291521806e-01 1.409184969691740508e-01
7.249108656393568051e-01 2.074485563060458337e-01 6.764057805459741668e-02
6.989759958086241287e-01 3.010240041913759823e-01 0.000000000000000000e+00
7.750097816116333638e-01 0.000000000000000000e+00 2.249902183883668305e-01
7.746047033939493787e-01 8.012434660174264089e-02 1.452709500043081470e-01
7.710917678899458227e-01 1.608294195462895981e-01 6.807881256376452361e-02
7.774554290438240312e-01 2.225445709561761909e-01 0.000000000000000000e+00
8.795130801747655935e-01 0.000000000000000000e+00 1.204869198252344481e-01
8.442967259319289486e-01 8.120451011385246276e-02 7.449876395421854702e-02
8.617153922342564165e-01 1.382846077657435280e-01 0.000000000000000000e+00
9.387515441181523146e-01 0.000000000000000000e+00 6.124845588184748418e-02
9.201148000558473372e-01 7.988519994415277381e-02 0.000000000000000000e+00
1.000000000000000000e+00 0.000000000000000000e+00 0.000000000000000000e+00
