0.000000000000000000e+00 0.000000000000000000e+00 1.000000000000000000e+00
0.000000000000000000e+00 5.874064496998159662e-02 9.412593550300185630e-01
0.000000000000000000e+00 1.022157328497128315e-01 8.977842671502872518e-01
0.000000000000000000e+00 1.595240478925646077e-01 8.404759521074353090e-01
0.000000000000000000e+00 2.112139489715249840e-01 7.887860510284750992e-01
0.000000000000000000e+00 2.629376518343625735e-01 7.370623481656374265e-01
0.000000000000000000e+00 3.193765706731638843e-01 6.806234293268361712e-01
0.000000000000000000e+00 3.678354127627499470e-01 6.321645872372499975e-01
0.000000000000000000e+00 4.195935118985555379e-01 5.804064881014445731e-01
0.000000000000000000e+00 4.755773256790994941e-01 5.244226743209003949e-01
0.000000000000000000e+00 5.281288256502126854e-01 4.718711743497874811e-01
0.000000000000000000e+00 5.777101017759928014e-01 4.222898982240070875e-01
0.000000000000000000e+00 6.315975504632289628e-01 3.684024495367708152e-01
0.000000000000000000e+00 6.842105263157894912e-01 3.157894736842105088e-01
0.000000000000000000e+00 7.331293344814449053e-01 2.668706655185548171e-01
0.000000000000000000e+00 7.900669487285837400e-01 2.099330512714163155e-01
0.000000000000000000e+00 8.384484397259333033e-01 1.615515602740666412e-01
0.000000000000000000e+00 8.947368421052631637e-01 1.052631578947368363e-01
0.000000000000000000e+00 9.473684210526315264e-01 5.263157894736841813e-02
0.000000000000000000e+00 1.000000000000000000e+00 0.000000000000000000e+00
4.816627855081821036e-02 0.000000000000000000e+00 9.518337214491818798e-01
5.185735812745956991e-02 5.561895445453861331e-02 8.925236874180018098e-01
6.105423208190155493e-02 1.043724247033513686e-01 8.345733432147470765e-01
5.055069205541409816e-02 1.559002586576387628e-01 7.935490492869471391e-01
5.246679413413515153e-02 2.123117065581126006e-01 7.352214993077522687e-01
5.450342400359557693e-02 2.615654006742048621e-01 6.839311753221996026e-01
4.096658470140247116e-02 3.253333082524050290e-01 6.337001070461923957e-01
4.948380461110603312e-02 3.686590506489632602e-01 5.818571447399307761e-01
5.263157894736841813e-02 4.210526315789473450e-01 5.263157894736841813e-01
4.954908811797108931e-02 4.757138843454321586e-01 4.747370275365967451e-01
4.894682512996774426e-02 5.250374815755094460e-01 4.260156932945227681e-01
5.333374563775127031e-02 5.848144790772732415e-01 3.618517752849753077e-01
4.297344042148223270e-02 6.357401535326505648e-01 3.212864060458671678e-01
5.217465510634955450e-02 6.882986879809944725e-01 2.595266569126560841e-01
5.406913449897093188e-02 7.387773275377548243e-01 2.071535379632740981e-01
5.414003518428247425e-02 7.835001523176272631e-01 1.623598124980902835e-01
5.296994900550649338e-02 8.438722437474854843e-01 1.031578072470080709e-01
5.397550909910028838e-02 8.993709633480203580e-01 4.665352755287953401e-02
6.729432094400024378e-02 9.327056790559997701e-01 0.000000000000000000e+00
1.141055545215378109e-01 0.000000000000000000e+00 8.858944454784623002e-01
1.053493691759091189e-01 5.652543583739949584e-02 8.381251949866912465e-01
1.035340051977586967e-01 1.014634795023430930e-01 7.950025152998981826e-01
1.131931803182976010e-01 1.545363200994654684e-01 7.322704995822368890e-01
1.063598362718329443e-01 2.045825514151121127e-01 6.890576123130549568e-01
1.099046013448949088e-01 2.611923110338147391e-01 6.289030876212904353e-01
1.102539626244253140e-01 3.159070205390516195e-01 5.738390168365231636e-01
1.050094462076598956e-01 3.693504500904158383e-01 5.256401037019242661e-01
1.059333809698856932e-01 4.177227269780713903e-01 4.763438920520428055e-01
1.003965855918551586e-01 4.751234706765946059e-01 4.244799437315500690e-01
1.051171250839085525e-01 5.296250489356778557e-01 3.652578259804136196e-01
1.043927425856981256e-01 5.789869936204903311e-01 3.166202637938115849e-01
1.140863556794599887e-01 6.264212507379346428e-01 2.594923935826053962e-01
1.000707006645267377e-01 6.863509697740716176e-01 2.135783295614017141e-01
1.101315847090925115e-01 7.363840022406014096e-01 1.534844130503058013e-01
1.039786516059826998e-01 7.868728133536695424e-01 1.091485350403479243e-01
1.064979976816533419e-01 8.412450332767643646e-01 5.225696904158207839e-02
1.111310928124145947e-01 8.888689071875853775e-01 0.000000000000000000e+00
1.578947368421052544e-01 0.000000000000000000e+00 8.421052631578946901e-01
1.606269638034169556e-01 5.321372671191878373e-02 7.861593094846641705e-01
1.607817990713152900e-01 1.016970889354449487e-01 7.375211119932396642e-01
1.628576889208550316e-01 1.573923045569178281e-01 6.797500065222272791e-01
1.592701640204387536e-01 2.064492470578349059e-01 6.342805889217263404e-01
1.621974999946310947e-01 2.633188695456044615e-01 5.744836304597644716e-01
1.575669116371315182e-01 3.107417228286599720e-01 5.316913655342084821e-01
1.578299276388406280e-01 3.724018734047723767e-01 4.697681989563869398e-01
1.542135792237895042e-01 4.217757445654305992e-01 4.240106762107798133e-01
1.535273923350252145e-01 4.720698980141052603e-01 3.744027096508694696e-01
1.579365199678974818e-01 5.253360263328842317e-01 3.167274536992183420e-01
1.561329779575528487e-01 5.721089231219438354e-01 2.717580989205033437e-01
1.668294534981532851e-01 6.294583408030987037e-01 2.037122056987480390e-01
1.601953425597609504e-01 6.846052107416600307e-01 1.551994466985789634e-01
1.630113528804447431e-01 7.411644540084595389e-01 9.582419311109559301e-02
1.545519130287547893e-01 7.872291148782160075e-01 5.821897209302923787e-02
1.616995613820979560e-01 8.383004386179019329e-01 0.000000000000000000e+00
2.033913471964060027e-01 0.000000000000000000e+00 7.966086528035940528e-01
2.070904354172704853e-01 4.937947273477608090e-02 7.435300918479534893e-01
2.139093754323217467e-01 1.004031719163667319e-01 6.856874526513117019e-01
2.117952043013295593e-01 1.584217649727291677e-01 6.297830307259411065e-01
2.085447811128881002e-01 2.148909094870877501e-01 5.765643094000242330e-01
2.087447296842099842e-01 2.617000227222555653e-01 5.295552475935344505e-01
2.097483024276921570e-01 3.188248540596765879e-01 4.714268435126312551e-01
2.105263157894736725e-01 3.684210526315789269e-01 4.210526315789473450e-01
2.133505749890074188e-01 4.193886960869817049e-01 3.672607289240108486e-01
2.103456745886804202e-01 4.770567234693845471e-01 3.125976019419349217e-01
2.155753447122760180e-01 5.248525325993164126e-01 2.595721226884076249e-01
2.105263157894736725e-01 5.789473684210526550e-01 2.105263157894736725e-01
2.082521668425263706e-01 6.339218185836210662e-01 1.578260145738526465e-01
2.095630627796697953e-01 6.838498750287749228e-01 1.065870621915553373e-01
2.141667072073997480e-01 7.350053125797673115e-01 5.082798021283294054e-02
2.091615657711120013e-01 7.908384342288878877e-01 0.000000000000000000e+00
2.676884978787492098e-01 0.000000000000000000e+00 7.323115021212507347e-01
2.623409590408500303e-01 4.980477567726755705e-02 6.878542652818824266e-01
2.650414847560084719e-01 1.048478924093328712e-01 6.301106228346586846e-01
2.667739929033578483e-01 1.549491682520942881e-01 5.782768388445479468e-01
2.652650325600725001e-01 2.087453832218431893e-01 5.259895842180840608e-01
2.479496051247903343e-01 2.735318511213991610e-01 4.785185437538104214e-01
2.631578947368420907e-01 3.157894736842105088e-01 4.210526315789473450e-01
2.588141585197025751e-01 3.730303600534783381e-01 3.681554814268190312e-01
2.654627406020501623e-01 4.167520445719485322e-01 3.177852148260011389e-01
2.649462868247884906e-01 4.812862500428216617e-01 2.537674631323897922e-01
2.617867299462260933e-01 5.259228142632144110e-01 2.122904557905594125e-01
2.648673598595742140e-01 5.797026061511361128e-01 1.554300339892896454e-01
2.662404945006112134e-01 6.268232210933413207e-01 1.069362844060475493e-01
2.637484999605709812e-01 6.789268344309548064e-01 5.732466560847412212e-02
2.671439112551708406e-01 7.328560887448291039e-01 0.000000000000000000e+00
3.121622816976686310e-01 0.000000000000000000e+00 6.878377183023314245e-01
3.191593801824273435e-01 5.011815682860954607e-02 6.307224629889631728e-01
3.142210310593531175e-01 1.072461318785968842e-01 5.785328370620499427e-01
3.231154109031784127e-01 1.542166595080052827e-01 5.226679295888162491e-01
3.202197047234925931e-01 2.051618803325606644e-01 4.746184149439466871e-01
3.127952130841054612e-01 2.680794870754288350e-01 4.191252998404655927e-01
3.065225060163013771e-01 3.262212131030137185e-01 3.672562808806846268e-01
3.154299063503415157e-01 3.671730788249957800e-01 3.173970148246627598e-01
3.191147572128987253e-01 4.192649788527619825e-01 2.616202639343393477e-01
3.248033808162700264e-01 4.696832634747722390e-01 2.055133557089575957e-01
3.096925197382398576e-01 5.342939397254478084e-01 1.560135405363123895e-01
3.157894736842105088e-01 5.789473684210526550e-01 1.052631578947368363e-01
3.107653315676733308e-01 6.346540205114725719e-01 5.458064792085402794e-02
3.107636307885199844e-01 6.892363692114802376e-01 0.000000000000000000e+00
3.590387978053226625e-01 0.000000000000000000e+00 6.409612021946773375e-01
3.683407960898446576e-01 4.853242361219600731e-02 5.831267802979593906e-01
3.675228028262841895e-01 1.101938202993084925e-01 5.222833768744071792e-01
3.703993669713975811e-01 1.483878177380513197e-01 4.812128152905510436e-01
3.688985232453100283e-01 2.156875040614745220e-01 4.154139726932153387e-01
3.708329220910079882e-01 2.583934602498051958e-01 3.707736176591867605e-01
3.691992608362935080e-01 3.110632628080731710e-01 3.197374763556331545e-01
3.706328691490882732e-01 3.684357252244918612e-01 2.609314056264199766e-01
3.709928489047998323e-01 4.207469401094542927e-01 2.082602109857459027e-01
3.672174098639001683e-01 4.754072807756608565e-01 1.573753093604388642e-01
3.684210526315789269e-01 5.263157894736841813e-01 1.052631578947368363e-01
3.632398561178665775e-01 5.810465717525691298e-01 5.571357212956419558e-02
3.684210526315789269e-01 6.315789473684210176e-01 0.000000000000000000e+00
4.246312580375344869e-01 0.000000000000000000e+00 5.753687419624655686e-01
4.247496292286219166e-01 4.721189358739689979e-02 5.280384771839812252e-01
4.205822367942383400e-01 1.005264778283205818e-01 4.788912853774409673e-01
4.305651756193662472e-01 1.462806320018888440e-01 4.231541923787449089e-01
4.200415371203269355e-01 2.092041616181211927e-01 3.707543012615517886e-01
4.229382061659450742e-01 2.582088236333427433e-01 3.188529702007121269e-01
4.195133627719395686e-01 3.195628271847363311e-01 2.609238100433241003e-01
4.201711926712441980e-01 3.721445629774722264e-01 2.076842443512835201e-01
4.197450413477851749e-01 4.200671520287685978e-01 1.601878066234462272e-01
4.212006702501196465e-01 4.704115380077564801e-01 1.083877917421238180e-01
4.228296405200586139e-01 5.257697343984982785e-01 5.140062508144319781e-02
4.234187943480300920e-01 5.765812056519699080e-01 0.000000000000000000e+00
4.755159234350817554e-01 0.000000000000000000e+00 5.244840765649182446e-01
4.742798080934662597e-01 5.163877978671822799e-02 4.740814121198154707e-01
4.686513090670719195e-01 1.011281751629346526e-01 4.302205157699934834e-01
4.704476594426447167e-01 1.505292011374540773e-01 3.790231394199010118e-01
4.700140773775331460e-01 2.100494292032001331e-01 3.199364934192666099e-01
4.782282432802132943e-01 2.624147539594006151e-01 2.593570027603860906e-01
4.779514750764953801e-01 3.162705380848480630e-01 2.057779868386565014e-01
4.720749949100309095e-01 3.660910484898010075e-01 1.618339566001680274e-01
4.736174248615500071e-01 4.239493997850117823e-01 1.024331753534381551e-01
4.747281071738224667e-01 4.810269639028350586e-01 4.424492892334244004e-02
4.751452018993408410e-01 5.248547981006590479e-01 0.000000000000000000e+00
5.276092505167468971e-01 0.000000000000000000e+00 4.723907494832531584e-01
5.272979454059596449e-01 4.856910109875980236e-02 4.241329534952806291e-01
5.222797525256880347e-01 1.130554593539737640e-01 3.646647881203380903e-01
5.261331162654913074e-01 1.599514899362907139e-01 3.139153937982179787e-01
5.301677715302666183e-01 2.075531603266845271e-01 2.622790681430487436e-01
5.284791863097825226e-01 2.581670139203037784e-01 2.133537997699138655e-01
5.317041150074022227e-01 3.140040397885766610e-01 1.542918452040210886e-01
5.230290731230859969e-01 3.716797953977378222e-01 1.052911314791760561e-01
5.221769700034759598e-01 4.186567201894852430e-01 5.916630980703879716e-02
5.239785254238993328e-01 4.760214745761006117e-01 0.000000000000000000e+00
5.813896928040193091e-01 0.000000000000000000e+00 4.186103071959807465e-01
5.818847932794556366e-01 5.251590141131701889e-02 3.655993053092273515e-01
5.799478936120127104e-01 1.056481083076152017e-01 3.144039980803721157e-01
5.762090516640449023e-01 1.563613057166937659e-01 2.674296426192612208e-01
5.695833570468984419e-01 2.181379436350329160e-01 2.122786993180688087e-01
5.789473684210526550e-01 2.631578947368420907e-01 1.578947368421052544e-01
5.768133318123203068e-01 3.121043090160325884e-01 1.110823591716471881e-01
5.803616580622265042e-01 3.664420303979501470e-01 5.319631153982336269e-02
5.804230916109249794e-01 4.195769083890750761e-01 0.000000000000000000e+00
6.322817088178966927e-01 0.000000000000000000e+00 3.677182911821031963e-01
6.315789473684210176e-01 5.263157894736841813e-02 3.157894736842105088e-01
6.288886267271288633e-01 1.073113642443081495e-01 2.638000090285629318e-01
6.279839861282993096e-01 1.548857420429277099e-01 2.171302718287728972e-01
6.309678438394359379e-01 2.122470735273060682e-01 1.567850826332579939e-01
6.409233461280716693e-01 2.581646417094089485e-01 1.009120121625194100e-01
6.362258223373377097e-01 3.133472669850903003e-01 5.042691067757192058e-02
6.361238049395907534e-01 3.638761950604094686e-01 0.000000000000000000e+00
6.732024114358547973e-01 0.000000000000000000e+00 3.267975885641450362e-01
6.793065673222534739e-01 4.782718156622197542e-02 2.728662511115247380e-01
6.780154840556454898e-01 1.049647719399509349e-01 2.170197440044034087e-01
6.832531438675419899e-01 1.573190915150115554e-01 1.594277646174463714e-01
6.798347615546863620e-01 2.101792439441144966e-01 1.099859945011992246e-01
6.870830381887630400e-01 2.583838106159835890e-01 5.453315119525337790e-02
6.842105263157894912e-01 3.157894736842105088e-01 0.000000000000000000e+00
7.260850649532911705e-01 0.000000000000000000e+00 2.739149350467089405e-01
7.349696187106854461e-01 5.334120488530399995e-02 2.116891764040105262e-01
7.379443534270789806e-01 1.034000426280489021e-01 1.586556039448719646e-01
7.362436701107394343e-01 1.539828982872351870e-01 1.097734316020252121e-01
7.382537064485803491e-01 2.120750959932260482e-01 4.967119755819349169e-02
7.390837344562126709e-01 2.609162655437872735e-01 0.000000000000000000e+00
7.878131293692128834e-01 0.000000000000000000e+00 2.121868706307872554e-01
7.923100670044359584e-01 5.234477685914048356e-02 1.553451561364234124e-01
7.922827022774076022e-01 1.031048992536017922e-01 1.046123984689906611e-01
7.915943161134765260e-01 1.547996054288305889e-01 5.360607845769281565e-02
7.890744391989655826e-01 2.109255608010344729e-01 0.000000000000000000e+00
8.402014375799582435e-01 0.000000000000000000e+00 1.597985624200416732e-01
8.364204719424874757e-01 5.257020206460681633e-02 1.110093259929056386e-01
8.398774603517430437e-01 1.042240939960723672e-01 5.589844565218449884e-02
8.422777431711160334e-01 1.577222568288839388e-01 0.000000000000000000e+00
8.882063132856664600e-01 0.000000000000000000e+00 1.117936867143336510e-01
8.915924445821856725e-01 4.815623583752750431e-02 6.025131958028678847e-02
8.923212190570694036e-01 1.076787809429304993e-01 0.000000000000000000e+00
9.411228507519291409e-01 0.000000000000000000e+00 5.887714924807099792e-02
9.399922449780366840e-01 6.000775502196312866e-02 0.000000000000000000e+00
1.000000000000000000e+00 0.000000000000000000e+00 0.000000000000000000e+00
