0.000000000000000000e+00 0.000000000000000000e+00 1.000000000000000000e+00
0.000000000000000000e+00 2.824698685256354230e-02 9.717530131474364508e-01
0.000000000000000000e+00 7.380090448860228414e-02 9.261990955113975632e-01
0.000000000000000000e+00 1.741506881313183430e-01 8.258493118686817125e-01
0.000000000000000000e+00 1.914343298166762131e-01 8.085656701833237037e-01
0.000000000000000000e+00 2.356164492901737517e-01 7.643835507098263315e-01
0.000000000000000000e+00 3.016188375861224569e-01 6.983811624138774876e-01
0.000000000000000000e+00 3.349909985565683312e-01 6.650090014434317798e-01
0.000000000000000000e+00 4.180674439825516342e-01 5.819325560174483103e-01
0.000000000000000000e+00 4.471333844840847949e-01 5.528666155159152051e-01
0.000000000000000000e+00 5.172586208114741124e-01 4.827413791885259431e-01
0.000000000000000000e+00 5.757730412420537514e-01 4.242269587579461931e-01
0.000000000000000000e+00 6.239840831491176854e-01 3.760159168508820926e-01
0.000000000000000000e+00 6.611208401516555089e-01 3.388791598483442691e-01
0.000000000000000000e+00 6.878871687072855012e-01 3.121128312927143877e-01
0.000000000000000000e+00 7.700303475889310745e-01 2.299696524110686757e-01
0.000000000000000000e+00 8.599644673113011617e-01 1.400355326886987273e-01
0.000000000000000000e+00 8.928638007046560965e-01 1.071361992953439174e-01
0.000000000000000000e+00 9.381267423593145915e-01 6.187325764068535294e-02
0.000000000000000000e+00 1.000000000000000000e+00 0.000000000000000000e+00
4.382675184092413301e-02 0.000000000000000000e+00 9.561732481590756727e-01
5.842687456827314746e-02 4.792040244245576036e-02 8.936527229892711199e-01
6.001965346063813794e-02 1.011334392040403179e-01 8.388469073353216343e-01
4.273298584721639537e-02 1.645552770147951649e-01 7.927117371379885924e-01
5.197449674005331227e-02 2.167021591756192189e-01 7.313233440843274202e-01
6.759974605591841101e-02 2.456525789227930745e-01 6.867476750212885284e-01
3.884103035941272736e-02 3.072092433105494957e-01 6.539497263300375618e-01
1.878830521625409963e-02 3.645871057796192805e-01 6.166245890041266442e-01
3.802220165624962261e-02 4.402649653748307301e-01 5.217128329689194599e-01
4.690625682100659638e-02 4.675973652581764117e-01 4.854963779208169017e-01
4.264513016585975980e-02 5.215771024013384771e-01 4.357777674328018325e-01
3.741726949431689597e-02 5.682017581394199768e-01 3.943809723662630162e-01
4.546980222331443999e-02 6.361836635266961970e-01 3.183465342499893214e-01
6.259836034116333936e-02 6.733715571325322724e-01 2.640300825263042772e-01
3.990076517443034987e-02 7.395110712707894107e-01 2.205881635547802255e-01
3.570081699902925149e-02 8.066087712772266327e-01 1.576904117237439007e-01
6.260515447842185388e-02 8.299750298613478572e-01 1.074198156602303444e-01
7.165099423241835797e-02 8.682566418990166346e-01 6.009236386856491030e-02
4.345778147191350221e-02 9.565422185280864076e-01 0.000000000000000000e+00
1.048054851060916115e-01 0.000000000000000000e+00 8.951945148939084440e-01
1.079794188505962399e-01 5.355811928843581815e-02 8.384624618609680669e-01
6.661145540684242083e-02 1.456645376063839814e-01 7.877240069867736949e-01
9.487530719650320854e-02 1.582930798900467895e-01 7.468316129134500159e-01
9.270907999483082862e-02 2.139872373016621643e-01 6.933036827035069516e-01
1.035208004616654381e-01 2.471928801182606827e-01 6.492863194200737542e-01
1.117967127368482277e-01 3.118893886716425645e-01 5.763138985915090551e-01
1.131066798544507618e-01 3.662198167666717574e-01 5.206735033788775224e-01
1.159356279993494360e-01 4.002617925476107952e-01 4.838025794530397827e-01
1.041863417260066038e-01 4.840408394908525813e-01 4.117728187831408149e-01
1.131631098003936520e-01 5.215337430694931831e-01 3.653031471301131372e-01
8.889204421442206683e-02 5.601340101343665889e-01 3.509739456512112610e-01
8.952406777692614726e-02 6.499628089296882738e-01 2.605131232933853846e-01
1.053948747946809872e-01 6.936624585302861856e-01 2.009426666750328550e-01
1.172961404962052645e-01 7.205745183855446490e-01 1.621293411182500865e-01
1.113039664538471724e-01 7.953897695248210997e-01 9.330626402133168629e-02
1.295409503030289788e-01 8.176302860402987482e-01 5.282876365667214108e-02
1.344915629202764196e-01 8.655084370797233584e-01 0.000000000000000000e+00
1.768581477381825917e-01 0.000000000000000000e+00 8.231418522618174638e-01
1.408541873015299317e-01 4.562639183991392539e-02 8.135194208585563302e-01
1.554731144164069878e-01 1.081552662929275710e-01 7.363716192906654134e-01
1.396506145891745487e-01 1.570464755570138149e-01 7.033029098538114976e-01
1.664901143533835393e-01 2.083134116791673374e-01 6.251964739674489291e-01
1.697103758940486373e-01 2.588667573211254069e-01 5.714228667848257892e-01
1.455866315572764691e-01 3.155897406322624166e-01 5.388236278104608923e-01
1.750131078323781120e-01 3.405551058742227188e-01 4.844317862933988916e-01
1.604032745352509393e-01 4.087325275973328065e-01 4.308641978674162543e-01
1.443394803640488944e-01 4.840413186967025827e-01 3.716192009392486062e-01
1.695563932616752090e-01 5.116045916059780430e-01 3.188390151323466370e-01
1.568671145380221565e-01 5.622528886102838852e-01 2.808799968516939582e-01
1.572854014550317814e-01 6.413390462012643622e-01 2.013755523437039952e-01
1.520183241591634427e-01 6.816312291403600065e-01 1.663504467004765786e-01
1.559204485322528699e-01 7.576671368086359548e-01 8.641241465911125852e-02
1.654505765432131292e-01 7.716913312056863372e-01 6.285809225110057519e-02
1.792384554646481165e-01 8.207615445353515504e-01 0.000000000000000000e+00
2.188136125909195540e-01 0.000000000000000000e+00 7.811863874090803073e-01
2.134802908313072067e-01 4.431534168346751984e-02 7.422043674852251138e-01
2.039519378408852224e-01 1.052728916980677498e-01 6.907751704610468613e-01
2.399933406038386174e-01 1.355401139114419951e-01 6.244665454847191377e-01
2.349555998426913206e-01 1.931045468988685232e-01 5.719398532584399897e-01
2.170380625500689664e-01 2.562827615981601581e-01 5.266791758517705979e-01
2.207519248072413731e-01 3.127613036912091360e-01 4.664867715015493799e-01
2.046651632427280432e-01 3.672380534358426485e-01 4.280967833214291418e-01
2.195807500002786017e-01 4.261882608712341258e-01 3.542309891284872725e-01
2.241347733622172100e-01 4.775692108696658611e-01 2.982960157681169289e-01
2.027893086882145701e-01 5.239594620254343083e-01 2.732512292863510939e-01
2.263017951833208585e-01 5.976677096922394794e-01 1.760304951244396343e-01
2.041084454746373011e-01 6.451517093591528917e-01 1.507398451662099181e-01
1.893607809338321291e-01 6.971964843430851211e-01 1.134427347230828886e-01
1.916163978259051159e-01 7.351764308354575839e-01 7.320717133863739734e-02
1.975627663070982643e-01 8.024372336929015415e-01 0.000000000000000000e+00
2.674410602037454732e-01 0.000000000000000000e+00 7.325589397962546379e-01
2.560106716303332530e-01 6.693354287384595258e-02 6.770557854958209054e-01
2.929921207772332448e-01 9.134019239062533824e-02 6.156676868321413476e-01
2.686374299539033839e-01 1.511759541799996831e-01 5.801866158660968775e-01
2.792520960862206469e-01 1.874573862341455677e-01 5.332905176796336466e-01
2.463180325774522172e-01 2.702278492815511912e-01 4.834541181409965360e-01
2.373347525648274725e-01 3.133063673680179795e-01 4.493588800671544647e-01
2.413544662021408493e-01 3.886762425822785638e-01 3.699692912155804758e-01
2.722919752478416555e-01 4.214295712567486252e-01 3.062784534954097193e-01
2.548927124050872073e-01 4.746922205825731544e-01 2.704150670123395273e-01
2.766931669406940686e-01 5.269062313246790641e-01 1.964006017346268396e-01
2.744562597757804201e-01 5.804311720162100841e-01 1.451125682080095514e-01
2.715607844177785335e-01 6.221070322342104886e-01 1.063321833480109363e-01
2.688774714338940663e-01 6.822105844574583022e-01 4.891194410864760367e-02
2.464769669445563416e-01 7.535230330554436584e-01 0.000000000000000000e+00
2.954798236876265971e-01 0.000000000000000000e+00 7.045201763123736249e-01
3.208558279203158614e-01 5.859403950634355096e-02 6.205501325733405737e-01
3.169360164535584556e-01 9.110336261466810137e-02 5.919606209317733736e-01
3.281168661821762811e-01 1.401536722991386374e-01 5.317294615186850537e-01
3.337166276288893174e-01 2.110111141049421934e-01 4.552722582661685169e-01
3.036823949376774578e-01 2.711350801134209676e-01 4.251825249489015746e-01
3.076417493185740759e-01 3.159774680974676841e-01 3.763807825839581289e-01
2.874674839653205694e-01 3.910181714309542977e-01 3.215143446037250774e-01
3.187649366064265744e-01 4.011690021458587663e-01 2.800660612477146039e-01
3.075187890802051904e-01 4.973615460618781015e-01 1.951196648579165693e-01
3.081350859258201180e-01 5.447411243000311876e-01 1.471237897741486667e-01
3.149463801684906916e-01 5.855261460149762121e-01 9.952747381653312408e-02
3.248758673998704549e-01 6.337347543237378256e-01 4.138937827639164319e-02
3.273746202558346363e-01 6.726253797441654747e-01 0.000000000000000000e+00
3.676953711941293723e-01 0.000000000000000000e+00 6.323046288058705722e-01
3.565763253460491056e-01 4.849271388646289593e-02 5.949309607674878597e-01
3.733078057531288296e-01 9.690002017365119402e-02 5.297921740732199902e-01
3.648194189487868888e-01 1.563299034883428029e-01 4.788506775628702528e-01
3.668673686565617764e-01 2.012201058877857440e-01 4.319125254556523963e-01
3.782544923916897339e-01 2.698297310806022642e-01 3.519157765277078909e-01
3.528231134258729140e-01 3.387827371400491949e-01 3.083941494340777800e-01
3.869851010901929622e-01 3.649834609338695746e-01 2.480314379759373522e-01
3.549066533285530900e-01 4.301585412128318131e-01 2.149348054586150414e-01
3.626813961896558913e-01 4.976774028304790654e-01 1.396412009798649323e-01
3.702951923996481987e-01 5.130709337808293524e-01 1.166338738195223657e-01
3.414280593387723495e-01 5.902119692112731686e-01 6.835997144995459296e-02
3.849839150335626625e-01 6.150160849664374485e-01 0.000000000000000000e+00
4.238896961182564982e-01 0.000000000000000000e+00 5.761103038817432243e-01
4.310727203622222725e-01 5.255607114098419241e-02 5.163712084967936322e-01
4.011663524741544973e-01 1.185350557813456690e-01 4.802985917444997921e-01
4.337847842158627509e-01 1.538621677526139375e-01 4.123530480315235058e-01
4.319244360665253635e-01 2.092406421549335149e-01 3.588349217785408718e-01
4.322647763551586975e-01 2.455823660465468461e-01 3.221528575982943732e-01
4.319894141516220643e-01 3.199428057943431991e-01 2.480677800540346534e-01
4.229803244783436611e-01 3.825549066626506844e-01 1.944647688590057377e-01
4.157264114323110382e-01 4.422901198742235640e-01 1.419834686934653700e-01
4.417981347551303006e-01 4.578215187688068344e-01 1.003803464760627956e-01
4.097425456797891830e-01 5.354192537541503372e-01 5.483820056606054233e-02
4.153549163749354900e-01 5.846450836250643990e-01 0.000000000000000000e+00
4.743874189450622003e-01 0.000000000000000000e+00 5.256125810549375776e-01
4.829513620034010524e-01 3.248745755866667972e-02 4.845611804379322263e-01
4.819848244324921316e-01 1.249993195052674366e-01 3.930158560622403208e-01
4.668540713361450378e-01 1.543100815361703460e-01 3.788358471276845885e-01
4.682922352114634590e-01 2.138521180072603667e-01 3.178556467812761466e-01
4.723139642039780872e-01 2.646920123580285278e-01 2.629940234379932740e-01
4.783135373130796286e-01 2.982518431326722785e-01 2.234346195542480928e-01
4.977857313144056772e-01 3.535108499742475319e-01 1.487034187113469019e-01
5.108527861318654661e-01 3.933225597583043243e-01 9.582465410983007081e-02
4.871929459773003401e-01 4.466678590191747178e-01 6.613919500352498371e-02
4.711983759211248457e-01 5.288016240788750988e-01 0.000000000000000000e+00
5.360366619416538914e-01 0.000000000000000000e+00 4.639633380583461086e-01
5.306039582758510509e-01 6.418347396414360306e-02 4.052125677600051934e-01
5.427770264958424740e-01 1.126506898548803315e-01 3.445722836492770003e-01
5.112364693383648628e-01 1.569342303453413190e-01 3.318293003162938182e-01
5.343163036012756884e-01 2.146807661732337835e-01 2.510029302254904726e-01
5.347384659296545717e-01 2.791054587010284305e-01 1.861560753693170256e-01
5.041810302775322494e-01 3.076738912810409454e-01 1.881450784414270272e-01
5.220335684111869767e-01 3.597447517036811426e-01 1.182216798851320055e-01
5.222100376260956356e-01 3.978634538098773654e-01 7.992650856402687409e-02
5.460766221390612740e-01 4.539233778609387815e-01 0.000000000000000000e+00
5.707271963207486420e-01 0.000000000000000000e+00 4.292728036792514135e-01
5.667157985041599844e-01 8.325572499192779308e-02 3.500284765039122781e-01
5.817144492244087361e-01 1.059276215628977141e-01 3.123579292126933971e-01
5.621767611002274068e-01 1.765875273737836926e-01 2.612357115259889007e-01
5.741192136273192137e-01 2.311882653957109124e-01 1.946925209769696796e-01
5.717315769588803276e-01 2.706631940162811945e-01 1.576052290248383114e-01
5.555969758915898504e-01 3.084614731484159877e-01 1.359415509599943561e-01
5.748043669459044214e-01 3.737852893218470696e-01 5.141034373224846743e-02
6.116066982525405482e-01 3.883933017474595073e-01 0.000000000000000000e+00
6.134848717276818464e-01 0.000000000000000000e+00 3.865151282723180981e-01
6.226621092755487696e-01 7.990293426502945162e-02 2.974349564594215289e-01
6.084732647780342063e-01 1.088202209769250084e-01 2.827065142450406188e-01
6.182739257540557087e-01 1.871374373931436186e-01 1.945886368528004784e-01
6.523144830668627936e-01 1.991708135297838300e-01 1.485147034033533764e-01
6.257682838464661002e-01 2.532618012772772098e-01 1.209699148762567178e-01
6.241508340398949084e-01 3.242251088689776517e-01 5.162405709112750929e-02
6.312169570818946251e-01 3.687830429181055414e-01 0.000000000000000000e+00
6.851002656889140230e-01 0.000000000000000000e+00 3.148997343110860880e-01
6.765231091979672096e-01 5.917615458249857185e-02 2.643007362195340382e-01
6.796711205910793696e-01 1.023208178464318496e-01 2.180080615624885865e-01
7.008975795426027888e-01 1.520012642801888691e-01 1.471011561772081755e-01
6.926996368125047931e-01 2.195615441909736232e-01 8.773881899652152816e-02
6.743635103219720595e-01 2.593614603071082159e-01 6.627502937091982183e-02
6.650761986625610689e-01 3.349238013374390976e-01 0.000000000000000000e+00
7.415138311559702489e-01 0.000000000000000000e+00 2.584861688440298066e-01
7.156545041748333391e-01 6.441008340009879429e-02 2.199354124250677001e-01
7.557502227612254986e-01 8.130304372045844830e-02 1.629467335183159837e-01
7.357768020945789633e-01 1.352643466361507230e-01 1.289588512692702027e-01
7.257096272921318425e-01 2.011342039496830936e-01 7.315616875818495290e-02
7.441861429289491348e-01 2.558138570710506432e-01 0.000000000000000000e+00
8.179067556518375692e-01 0.000000000000000000e+00 1.820932443481625973e-01
7.906214258399176797e-01 5.398894927527125853e-02 1.553896248848110340e-01
7.885312571140391524e-01 7.725199061487289520e-02 1.342167522710878969e-01
8.047120825504380237e-01 1.628214137492994817e-01 3.246650370026233495e-02
7.717715404838776383e-01 2.282284595161221119e-01 0.000000000000000000e+00
8.423939284982046027e-01 0.000000000000000000e+00 1.576060715017953695e-01
8.085786007414557108e-01 7.521381376829804066e-02 1.162075854902461236e-01
8.325817382073903428e-01 1.042240611726518024e-01 6.319420061995786875e-02
8.628198227753869354e-01 1.371801772246127316e-01 0.000000000000000000e+00
8.824886596968556374e-01 0.000000000000000000e+00 1.175113403031444181e-01
8.858291340332379304e-01 5.864331877969942985e-02 5.552754718706248011e-02
8.990240694665264654e-01 1.009759305334734653e-01 0.000000000000000000e+00
9.446091628751711600e-01 0.000000000000000000e+00 5.539083712482884003e-02
9.767836488324219690e-01 2.321635116757807260e-02 0.000000000000000000e+00
1.000000000000000000e+00 0.000000000000000000e+00 0.000000000000000000e+00
