0.000000000000000000e+00 0.000000000000000000e+00 1.000000000000000000e+00
0.000000000000000000e+00 4.335405670990270799e-02 9.566459432900972226e-01
0.000000000000000000e+00 1.121639911093244985e-01 8.878360088906755987e-01
0.000000000000000000e+00 1.539223726736050624e-01 8.460776273263950209e-01
0.000000000000000000e+00 1.948453554998212656e-01 8.051546445001787067e-01
0.000000000000000000e+00 2.639571587246102857e-01 7.360428412753897698e-01
0.000000000000000000e+00 3.003896647882499105e-01 6.996103352117500895e-01
0.000000000000000000e+00 3.638938122339834824e-01 6.361061877660163510e-01
0.000000000000000000e+00 4.306613585621136830e-01 5.693386414378862614e-01
0.000000000000000000e+00 4.690159496020706587e-01 5.309840503979291748e-01
0.000000000000000000e+00 5.147202707415351464e-01 4.852797292584647981e-01
0.000000000000000000e+00 5.686831671516978659e-01 4.313168328483021341e-01
0.000000000000000000e+00 6.327234673157722256e-01 3.672765326842277744e-01
0.000000000000000000e+00 6.778067782700656352e-01 3.221932217299342538e-01
0.000000000000000000e+00 7.319912948745167514e-01 2.680087051254830266e-01
0.000000000000000000e+00 7.870786637935086594e-01 2.129213362064912851e-01
0.000000000000000000e+00 8.505717203760480016e-01 1.494282796239521927e-01
0.000000000000000000e+00 8.845519646594327545e-01 1.154480353405672594e-01
0.000000000000000000e+00 9.612274814422938629e-01 3.877251855770603300e-02
0.000000000000000000e+00 1.000000000000000000e+00 0.000000000000000000e+00
3.591748202270787088e-02 0.000000000000000000e+00 9.640825179772922748e-01
5.178213012925226427e-02 6.083194670840266771e-02 8.873859231623451027e-01
4.898982126693892519e-02 1.041943151052728694e-01 8.468158636277881568e-01
7.103706925468890321e-02 1.610575425311464026e-01 7.679053882141648746e-01
5.803308051457348182e-02 2.179260791785442297e-01 7.240408403068822052e-01
5.626582264560654051e-02 2.419945991776823457e-01 7.017395781767108431e-01
5.942675343276598854e-02 3.151742732527196833e-01 6.253989733145143282e-01
5.563664575789527972e-02 3.609269139172097685e-01 5.834364403248951669e-01
5.859120175551293247e-02 4.206682110749774273e-01 5.207405871695096611e-01
5.862007669658457487e-02 4.607093280703132843e-01 4.806705952331021270e-01
5.030476462663632103e-02 5.192764191812284658e-01 4.304188161921350120e-01
4.896132404895726931e-02 5.823441931651166525e-01 3.686944827859260365e-01
4.638711862281815618e-02 6.300519053567492644e-01 3.235609760204325447e-01
4.550437980636253682e-02 6.761888968510727516e-01 2.783067233425646769e-01
3.960264858671069810e-02 7.430197598131078607e-01 2.173775916001812192e-01
5.679255873893856998e-02 7.907263560156131410e-01 1.524810852454482335e-01
4.686541240695867028e-02 8.582107633075040098e-01 9.492382428553723661e-02
4.853334384640953236e-02 8.913138602850887438e-01 6.015279586850192511e-02
5.523922334298271564e-02 9.447607766570171872e-01 0.000000000000000000e+00
9.642337300811110179e-02 0.000000000000000000e+00 9.035766269918887872e-01
1.007792999257795113e-01 5.750007741746347711e-02 8.417206226567570670e-01
1.084729159857531350e-01 1.121426811442357147e-01 7.793844028700110949e-01
9.650229350131528383e-02 1.658195891335781103e-01 7.376781173651065782e-01
8.588473110474167949e-02 2.218185970904768267e-01 6.922966718047816048e-01
1.119364934727950789e-01 2.546848078276275906e-01 6.333786986995770807e-01
1.194314998277095363e-01 3.037966251391157058e-01 5.767718750331748412e-01
1.011470089743013306e-01 3.813887015260385427e-01 5.174642894996600573e-01
9.410608686879648466e-02 4.142040966897768128e-01 4.916898164414267303e-01
1.025127608794467599e-01 4.770020380679038108e-01 4.204852010526493600e-01
1.056958391689627602e-01 5.227418699043571149e-01 3.715622909266800833e-01
1.076207198007345933e-01 5.782257003649845517e-01 3.141535798342810493e-01
9.585562944783476702e-02 6.331524387462615922e-01 2.709919318059036963e-01
1.079625383588860704e-01 6.755252228363447520e-01 2.165122388047691360e-01
1.092538838282182123e-01 7.398029444914129282e-01 1.509431716803685541e-01
1.105801764796938425e-01 7.844443999270589440e-01 1.049754235932473245e-01
1.177216794544869161e-01 8.477223911309118565e-01 3.455592941460122747e-02
9.953684863040132558e-02 9.004631513695987577e-01 0.000000000000000000e+00
1.764470709237680734e-01 0.000000000000000000e+00 8.235529290762318988e-01
1.674701636409655081e-01 3.891341501609626996e-02 7.936164213429383052e-01
1.617657724837859579e-01 1.077131049551013631e-01 7.305211225611125681e-01
1.514869846229488504e-01 1.638490512429498502e-01 6.846639641341012439e-01
1.415029814620273885e-01 2.073584632877853440e-01 6.511385552501872676e-01
1.553842913569266626e-01 2.624869937693815047e-01 5.821287148736916661e-01
1.641469760961379587e-01 3.115623355261162852e-01 5.242906883777458393e-01
1.586919505170428235e-01 3.681213375722149905e-01 4.731867119107422415e-01
1.503125810375692817e-01 4.276679820125941500e-01 4.220194369498366793e-01
1.472529362671481656e-01 4.837667579232114989e-01 3.689803058096402522e-01
1.454158463026222203e-01 5.356187140901952359e-01 3.189654396071824882e-01
1.542944552521134105e-01 5.769748888884878024e-01 2.687306558593988148e-01
1.601427493428422832e-01 6.192234158044875869e-01 2.206338348526700743e-01
1.533876249558166205e-01 6.716986528306392312e-01 1.749137222135438707e-01
1.611319292685625126e-01 7.315691915448114813e-01 1.072988791866259922e-01
1.432516903324102531e-01 7.859077597983336050e-01 7.084054986925600317e-02
1.533118013928528311e-01 8.466881986071470578e-01 0.000000000000000000e+00
1.998223572215353794e-01 0.000000000000000000e+00 8.001776427784645929e-01
2.199768295674146001e-01 4.494438728589998655e-02 7.350787831466853994e-01
2.028835598695652997e-01 1.177082871694558192e-01 6.794081529609790060e-01
2.136233028222596364e-01 1.556535673721496926e-01 6.307231298055905322e-01
2.150049581158090251e-01 2.186909753923937383e-01 5.663040664917973199e-01
2.162433766240854927e-01 2.660666590481843286e-01 5.176899643277300678e-01
1.995101757234343520e-01 3.216052090384428075e-01 4.788846152381228682e-01
2.219775665575580148e-01 3.670911970816567171e-01 4.109312363607852125e-01
2.168041209706553507e-01 4.345809939204884342e-01 3.486148851088560763e-01
2.031644514699554316e-01 4.737255523680826697e-01 3.231099961619616767e-01
2.108071230824144493e-01 5.230027516839765855e-01 2.661901252336090207e-01
1.895434707445781963e-01 5.862280905978283219e-01 2.242284386575935096e-01
2.098816192046433771e-01 6.313694218499023014e-01 1.587489589454542660e-01
2.023786594033522290e-01 6.841815602347454117e-01 1.134397803619023454e-01
2.055079572380116015e-01 7.239344766572305412e-01 7.055756610475770463e-02
2.181441096830521731e-01 7.818558903169477992e-01 0.000000000000000000e+00
2.527757498340210685e-01 0.000000000000000000e+00 7.472242501659787095e-01
2.700305141689204325e-01 5.198453249261920928e-02 6.779849533384604277e-01
2.451914181110314839e-01 1.149482590659782755e-01 6.398603228229902129e-01
2.580032731073415575e-01 1.566154616432521296e-01 5.853812652494063684e-01
2.746284359904513361e-01 2.025392150855007956e-01 5.228323489240478406e-01
2.463977967224947330e-01 2.789746903907000530e-01 4.746275128868051030e-01
2.718549810459587324e-01 3.082043212872151994e-01 4.199406976668259017e-01
2.694589613735071110e-01 3.527267164865083293e-01 3.778143221399843377e-01
2.625501152840548080e-01 4.172519226985694774e-01 3.201979620173756591e-01
2.622758360045251980e-01 4.820966534735282583e-01 2.556275105219464883e-01
2.602039900907341385e-01 5.300809191193806003e-01 2.097150907898853445e-01
2.729221999523405717e-01 5.808719408363973713e-01 1.462058592112619182e-01
2.674991436973281900e-01 6.329549487394230400e-01 9.954590756324878387e-02
2.567184014434693018e-01 6.868301801886527169e-01 5.645141836787805067e-02
2.871057205997502026e-01 7.128942794002498529e-01 0.000000000000000000e+00
3.146392427621966248e-01 0.000000000000000000e+00 6.853607572378034307e-01
3.099836173035332987e-01 5.484127451025218314e-02 6.351751081862145876e-01
2.991440175230284937e-01 1.146426886173806947e-01 5.862132938595907561e-01
3.191349022798856683e-01 1.562926450848651228e-01 5.245724526352489869e-01
3.097341125289236330e-01 2.039850103430605466e-01 4.862808771280158204e-01
2.944471572125207381e-01 2.556463296259779971e-01 4.499065131615010982e-01
3.148093124864794756e-01 3.226152668638782584e-01 3.625754206496424326e-01
3.112369843939847835e-01 3.694403560072965775e-01 3.193226595987186389e-01
3.103940615220936450e-01 4.142213121798448694e-01 2.753846262980612636e-01
3.163828643720638656e-01 4.744048576320076260e-01 2.092122779959284251e-01
3.253890566966461950e-01 5.235429029584748317e-01 1.510680403448788622e-01
3.089221354343542614e-01 5.848267596788701006e-01 1.062511048867755825e-01
3.161827277872664155e-01 6.205545068680248244e-01 6.326276534470857971e-02
3.317733924641913523e-01 6.682266075358085367e-01 0.000000000000000000e+00
3.665850825829838344e-01 0.000000000000000000e+00 6.334149174170160546e-01
3.650418211231097332e-01 5.271655048988432846e-02 5.822416283870057718e-01
3.755756660311067585e-01 1.004262153419120812e-01 5.239981186269812019e-01
3.793332989216374185e-01 1.631722090993497354e-01 4.574944919790126518e-01
3.660133033697062221e-01 2.140994008111723745e-01 4.198872958191213201e-01
3.765807208643751625e-01 2.637360939793616521e-01 3.596831851562631299e-01
3.614190297370640237e-01 3.230806220200930223e-01 3.155003482428428430e-01
3.544135290392306792e-01 3.778206726560897621e-01 2.677657983046795587e-01
3.745945618952180589e-01 4.110624869711900220e-01 2.143429511335919191e-01
3.683537613516506548e-01 4.739784662978691610e-01 1.576677723504802120e-01
3.654429726922625021e-01 5.195717791320042522e-01 1.149852481757333289e-01
3.665837869481515243e-01 5.624704052149352984e-01 7.094580783691324666e-02
3.824851642436537524e-01 6.175148357563460255e-01 0.000000000000000000e+00
4.233439322548091521e-01 0.000000000000000000e+00 5.766560677451909589e-01
4.116123440637219910e-01 6.253418395296590770e-02 5.258534719833120041e-01
4.209106598706848223e-01 1.100309646742748948e-01 4.690583754550402551e-01
4.112641248858224796e-01 1.638877840970228428e-01 4.248480910171546499e-01
4.231578179424315689e-01 2.036408568448563328e-01 3.732013252127122094e-01
4.239054565966882682e-01 2.620208798583045229e-01 3.140736635450070979e-01
4.060696041073699192e-01 3.198808162305232794e-01 2.740495796621066349e-01
4.251551978163210510e-01 3.727765399544033520e-01 2.020682622292755692e-01
4.221352576062775697e-01 4.121168920842093741e-01 1.657478503095130284e-01
4.257036604642296940e-01 4.711797067504848169e-01 1.031166327852855308e-01
4.141930756979846362e-01 5.177123967051815434e-01 6.809452759683404244e-02
4.189514284739765948e-01 5.810485715260231832e-01 0.000000000000000000e+00
4.882377360906035579e-01 0.000000000000000000e+00 5.117622639093964976e-01
4.721226857553639800e-01 5.731189805816124666e-02 4.705654161864747942e-01
4.808866942882213391e-01 9.839323679635082753e-02 4.207200689154277917e-01
4.692517585772854050e-01 1.682136587641986092e-01 3.625345826585157361e-01
4.810138133067451416e-01 2.027754928827867897e-01 3.162106938104679577e-01
4.722616471459961107e-01 2.654886284148584852e-01 2.622497244391455151e-01
4.676354848866542402e-01 3.290745934192828570e-01 2.032899216940627363e-01
4.787497767985121055e-01 3.607741629650730308e-01 1.604760602364148081e-01
4.635936219017771642e-01 4.265130910481562121e-01 1.098932870500665959e-01
4.688929400114601465e-01 4.799354066387315765e-01 5.117165334980815217e-02
4.752589855311402656e-01 5.247410144688597899e-01 0.000000000000000000e+00
5.359988459054162435e-01 0.000000000000000000e+00 4.640011540945837010e-01
5.235258811763453535e-01 4.672897177873315544e-02 4.297451470449215050e-01
5.459600517153567756e-01 9.864585849852958166e-02 3.553940897861135872e-01
5.360444365447863957e-01 1.641751034313801427e-01 2.997804600238333506e-01
5.251658395406169078e-01 2.215810358481968834e-01 2.532531246111862089e-01
5.200409221108772684e-01 2.755211335459464284e-01 2.044379443431764143e-01
5.126930872665541594e-01 3.274620501716207777e-01 1.598448625618251184e-01
5.170926324534821372e-01 3.645356701487280082e-01 1.183716973977899795e-01
5.221439934843713493e-01 4.359903847633470053e-01 4.186562175228154825e-02
5.197441884216953412e-01 4.802558115783046588e-01 0.000000000000000000e+00
5.742373861317199291e-01 0.000000000000000000e+00 4.257626138682800154e-01
5.840724894979244519e-01 4.324175909407265705e-02 3.726857514080029188e-01
5.717405561578193796e-01 1.153824184328419156e-01 3.128770254093385939e-01
5.833367624333667401e-01 1.538772156547076886e-01 2.627860219119256824e-01
5.777122203515647758e-01 2.154261985811289914e-01 2.068615810673062050e-01
5.911788553115963074e-01 2.540943918300050952e-01 1.547267528583985141e-01
5.841505448807718937e-01 3.082759149622072981e-01 1.075735401570208638e-01
5.820438837315653480e-01 3.801639432618638681e-01 3.779217300657065209e-02
5.693088182052543633e-01 4.306911817947455812e-01 0.000000000000000000e+00
6.343560910669212571e-01 0.000000000000000000e+00 3.656439089330787429e-01
6.349108180222813314e-01 5.183795043620936793e-02 3.132512315415093007e-01
6.101708536488066326e-01 1.164462535952251881e-01 2.733828927559682209e-01
6.325593455829158218e-01 1.586919703327439868e-01 2.087486840843401914e-01
6.374701744104134260e-01 2.026424773250814215e-01 1.598873482645050692e-01
6.347825728664632239e-01 2.648733431657631643e-01 1.003440839677735980e-01
6.360914829943493665e-01 3.182593160403129895e-01 4.564920096533768568e-02
6.365298718333182171e-01 3.634701281666816164e-01 0.000000000000000000e+00
6.738269743200930861e-01 0.000000000000000000e+00 3.261730256799071914e-01
7.036179612881134915e-01 3.158615419008756892e-02 2.647958845217989743e-01
6.916479587887931491e-01 9.713196669880391765e-02 2.112200745124027668e-01
6.778340567693283969e-01 1.500612139916071841e-01 1.721047292390646410e-01
6.736961073654008647e-01 2.155148277919559929e-01 1.107890648426434060e-01
6.854683655753841531e-01 2.661450270045320754e-01 4.838660742008363269e-02
6.753094305371893924e-01 3.246905694628104411e-01 0.000000000000000000e+00
7.234826718845459581e-01 0.000000000000000000e+00 2.765173281154540419e-01
7.407470021833812979e-01 5.639083327796197420e-02 2.028621645386563810e-01
7.427289587524045222e-01 8.893243212287839372e-02 1.683386091247170702e-01
7.215279079649001837e-01 1.675659450409787976e-01 1.109061469941208244e-01
7.384166282812134607e-01 2.074244155320702498e-01 5.415895618671610900e-02
7.325011240730698869e-01 2.674988759269302796e-01 0.000000000000000000e+00
7.825309533281930019e-01 0.000000000000000000e+00 2.174690466718070814e-01
7.953061888855922357e-01 4.957824493226387075e-02 1.551155661821436993e-01
7.838285446920150168e-01 1.073215890457961813e-01 1.088498662621887603e-01
7.891810612478231679e-01 1.510777260613362094e-01 5.974121269084061575e-02
7.679506391925968734e-01 2.320493608074032377e-01 0.000000000000000000e+00
8.358509735393062634e-01 0.000000000000000000e+00 1.641490264606934035e-01
8.322796862290825493e-01 5.747652074521834159e-02 1.102437930256991577e-01
8.560504479816148926e-01 1.020813733266616036e-01 4.186817869172337891e-02
8.372342987348116994e-01 1.627657012651884116e-01 0.000000000000000000e+00
9.000733842863364309e-01 0.000000000000000000e+00 9.992661571366358297e-02
9.001211442119588790e-01 5.371336152734013103e-02 4.616549426070089279e-02
8.819128926279093950e-01 1.180871073720906606e-01 0.000000000000000000e+00
9.294682978174115817e-01 0.000000000000000000e+00 7.053170218258843216e-02
9.606491041430142985e-01 3.935089585698570147e-02 0.000000000000000000e+00
1.000000000000000000e+00 0.000000000000000000e+00 0.000000000000000000e+00
