0.000000000000000000e+00 0.000000000000000000e+00 1.000000000000000000e+00
0.000000000000000000e+00 1.303567240426687923e-01 8.696432759573311522e-01
0.000000000000000000e+00 1.369499683811937207e-01 8.630500316188063348e-01
0.000000000000000000e+00 1.527421254872455003e-01 8.472578745127545830e-01
0.000000000000000000e+00 2.367425440276868243e-01 7.632574559723133145e-01
0.000000000000000000e+00 2.921985392957880956e-01 7.078014607042120154e-01
0.000000000000000000e+00 3.001016031847566490e-01 6.998983968152434620e-01
0.000000000000000000e+00 3.490101058754935259e-01 6.509898941245064741e-01
0.000000000000000000e+00 4.046705836695044245e-01 5.953294163304955200e-01
0.000000000000000000e+00 4.230642287248865263e-01 5.769357712751134182e-01
0.000000000000000000e+00 4.707920678748912513e-01 5.292079321251089707e-01
0.000000000000000000e+00 4.979216908649514717e-01 5.020783091350486949e-01
0.000000000000000000e+00 6.972036117197075722e-01 3.027963882802926499e-01
0.000000000000000000e+00 7.162021925755472918e-01 2.837978074244528748e-01
0.000000000000000000e+00 7.235134359990875730e-01 2.764865640009125380e-01
0.000000000000000000e+00 7.627812810672542909e-01 2.372187189327458756e-01
0.000000000000000000e+00 8.615827206712980413e-01 1.384172793287020142e-01
0.000000000000000000e+00 8.772032614226423775e-01 1.227967385773575948e-01
0.000000000000000000e+00 9.192429101513093226e-01 8.075708984869067741e-02
0.000000000000000000e+00 1.000000000000000000e+00 0.000000000000000000e+00
2.558496096076301810e-02 0.000000000000000000e+00 9.744150390392369854e-01
9.313494965984392415e-02 2.828654367001786837e-02 8.785785066701382595e-01
8.738729706886616544e-02 9.046291737524723986e-02 8.221497855558866918e-01
5.524168914120559937e-02 1.497805374395661804e-01 7.949777734192282619e-01
5.578878251855570042e-02 1.914197338566042961e-01 7.527914836248401631e-01
3.833757166482885947e-02 2.736142169437305594e-01 6.880482113914407893e-01
6.236254665172258349e-02 3.357825655405567433e-01 6.018548878077206732e-01
1.808817269026944535e-02 3.709529278864085455e-01 6.109588994233219328e-01
4.115920089826469175e-02 4.231922354187919177e-01 5.356485636829432240e-01
2.568695298108646108e-02 4.664589032032856464e-01 5.078541438156279897e-01
4.719096370062780821e-02 5.294998546870945955e-01 4.233091816122775408e-01
4.886236593865457556e-02 6.396310384562848839e-01 3.115065956050604989e-01
5.120778596442576713e-02 6.563527497640030406e-01 2.924394642715711368e-01
5.900639644132195383e-02 6.948409922171733255e-01 2.461526113415049011e-01
5.674764434711983274e-02 7.302182747925458628e-01 2.130340808603344571e-01
3.960368383817072097e-02 7.898810328015324345e-01 1.705152833602968654e-01
7.991867757984200127e-02 8.289591997931554657e-01 9.112212262700251919e-02
4.551782415550812561e-02 8.869020188907223989e-01 6.758015695376949628e-02
3.411423998055274770e-02 9.658857600194472592e-01 0.000000000000000000e+00
1.032172122445303708e-01 0.000000000000000000e+00 8.967827877554696014e-01
1.029031486274793461e-01 5.880729016014410448e-02 8.382895612123765217e-01
8.578275767857748701e-02 1.276588585517437757e-01 7.865583837696787928e-01
7.205096844862204919e-02 1.825665997818044506e-01 7.453824317695736390e-01
7.319200128854996823e-02 2.164441723136510121e-01 7.103638263977991585e-01
8.527576123925861840e-02 2.860513213688355427e-01 6.286729173919058944e-01
8.050010268402892077e-02 3.658236077428319022e-01 5.536762895731391909e-01
6.953028225413396268e-02 3.887822648609531861e-01 5.416874528849129344e-01
7.618060999176437531e-02 4.206487930561465527e-01 5.031705969520889887e-01
1.056552534947220734e-01 4.704492644790203015e-01 4.238954820262575973e-01
1.043216062739661387e-01 5.449001273820802682e-01 3.507782663439535376e-01
1.242363023535162925e-01 6.171775463261598427e-01 2.585861513203239204e-01
1.474643586934789030e-01 6.128948511715739400e-01 2.396407901349471015e-01
1.175741865060600660e-01 6.814376807051789608e-01 2.009881327887610702e-01
7.551902812413945065e-02 7.687760668753520488e-01 1.557049050005085422e-01
9.401991279495977571e-02 7.932789085104926530e-01 1.127011786945476546e-01
9.941375895293949605e-02 8.224061924574784799e-01 7.818004858958201020e-02
1.233382850699421412e-01 8.766617149300579559e-01 0.000000000000000000e+00
1.699521769087565803e-01 0.000000000000000000e+00 8.300478230912431421e-01
1.869147556523235443e-01 2.378036984553335773e-02 7.893048745021430390e-01
1.554723900398095604e-01 1.069270121154304448e-01 7.376005978447599531e-01
1.192963950030441339e-01 1.938444785097356848e-01 6.868591264872203617e-01
1.108252713743828610e-01 2.230590263194638101e-01 6.661157023061533566e-01
1.193684127698239339e-01 2.970538620758803594e-01 5.835777251542957345e-01
1.448274076351462880e-01 3.290110607105828922e-01 5.261615316542707088e-01
1.409297788887577119e-01 3.549292832038988821e-01 5.041409379073433783e-01
1.163110170931576093e-01 4.211181457522124583e-01 4.625708371546299880e-01
1.442219358044990740e-01 4.469352590103284895e-01 4.088428051851723533e-01
1.689462992897502736e-01 5.407596635654513539e-01 2.902940371447982892e-01
1.484509261631767607e-01 5.936478334271555468e-01 2.579012404096676092e-01
1.936637831760358308e-01 6.147142134290588533e-01 1.916220033949052604e-01
1.810755830148283452e-01 6.657501472181537316e-01 1.531742697670178954e-01
1.682697247068000723e-01 7.356813610774595169e-01 9.604891421574038302e-02
1.589262847638942544e-01 7.762521463507137121e-01 6.482156888539189477e-02
1.754843181175392286e-01 8.245156818824607159e-01 0.000000000000000000e+00
2.189222959038202854e-01 0.000000000000000000e+00 7.810777040961794926e-01
1.909099390160667042e-01 8.068991628245601733e-02 7.284001447014772923e-01
2.097169636558431638e-01 1.117897880628432872e-01 6.784932482813136323e-01
1.622726018958322580e-01 1.880487944934865485e-01 6.496786036106814155e-01
2.124656096311097198e-01 2.036074429892508753e-01 5.839269473796395715e-01
1.776403944071744956e-01 2.703242392217212187e-01 5.520353663711042858e-01
2.118676826463241347e-01 3.074750806493902200e-01 4.806572367042856730e-01
2.053364865389155636e-01 3.555415730025883736e-01 4.391219404584960073e-01
2.180644047531375973e-01 4.124379893730355517e-01 3.694976058738266844e-01
2.143683061568646409e-01 4.554189876140017357e-01 3.302127062291336790e-01
2.173362659669891006e-01 5.200521476751853722e-01 2.626115863578253329e-01
2.193917841590466988e-01 5.841782605687884100e-01 1.964299552721650299e-01
2.236460575985877164e-01 6.696648146346479979e-01 1.066891277667642995e-01
2.028113509682426263e-01 7.247778330601127861e-01 7.241081597164462924e-02
1.989249649390623931e-01 7.488162512784162228e-01 5.225878378252140494e-02
1.915486125391921979e-01 8.084513874608076911e-01 0.000000000000000000e+00
2.641481737878043634e-01 0.000000000000000000e+00 7.358518262121955811e-01
2.537335180207301866e-01 4.998061938538094634e-02 6.962858625938888046e-01
2.645158464837055190e-01 1.087651980094232335e-01 6.267189555068711782e-01
2.647483210773993734e-01 1.638385496699432675e-01 5.714131292526573036e-01
2.663418274831237387e-01 2.210011772454929524e-01 5.126569952713831979e-01
2.470757859189010863e-01 2.682384877152176328e-01 4.846857263658813086e-01
2.586414826382437693e-01 2.974864316060867875e-01 4.438720857556694988e-01
2.642086497827180747e-01 3.380495003301498547e-01 3.977418498871319597e-01
2.943002201233923532e-01 4.041549405073305290e-01 3.015448393692770623e-01
3.006872743905589784e-01 4.611288908876735038e-01 2.381838347217675456e-01
2.725542600713339314e-01 5.110150794227008575e-01 2.164306605059652389e-01
2.661281760002090491e-01 5.949120741118613109e-01 1.389597498879298620e-01
2.576282082676635277e-01 6.418477764428072163e-01 1.005240152895294087e-01
2.686270714924554048e-01 6.948028278341062958e-01 3.657010067343810511e-02
2.285640941705441020e-01 7.714359058294557592e-01 0.000000000000000000e+00
3.267319731675132899e-01 0.000000000000000000e+00 6.732680268324866546e-01
3.191182531682837387e-01 4.747574260648482897e-02 6.334060042252314116e-01
3.202004128343984291e-01 1.054725834862029199e-01 5.743270036793985955e-01
3.312532998331452760e-01 1.417650120059922025e-01 5.269816881608625492e-01
3.018286207601809656e-01 2.189579787759610430e-01 4.792134004638579636e-01
3.045304402722328607e-01 2.468966737028076286e-01 4.485728860249594829e-01
3.025985026905937403e-01 3.125617805347648548e-01 3.848397167746413494e-01
3.098651893339149921e-01 3.649155782734451736e-01 3.252192323926396678e-01
3.113236616774111010e-01 4.329267946608191253e-01 2.557495436617698292e-01
2.917898399652680830e-01 5.029524324288047188e-01 2.052577276059271982e-01
2.903190980297104540e-01 5.376627428073293968e-01 1.720181591629599827e-01
2.906082122893603459e-01 5.829335344193957713e-01 1.264582532912438828e-01
2.967496862357519305e-01 6.720431401650704961e-01 3.120717359917757339e-02
2.604927565171917259e-01 7.395072434828080521e-01 0.000000000000000000e+00
3.867023619295386072e-01 0.000000000000000000e+00 6.132976380704614483e-01
3.733837922872342840e-01 5.898833498624153626e-02 5.676278727265240409e-01
3.878123713368629155e-01 9.566258886032884268e-02 5.165250398028081724e-01
3.814957054148267468e-01 1.575814428451664251e-01 4.609228517400065783e-01
3.954889751403727893e-01 1.724504592387386959e-01 4.320605656208883483e-01
3.449611253717453918e-01 2.508725909720029845e-01 4.041662836562515126e-01
3.693238911944827785e-01 2.890589412243372847e-01 3.416171675811798258e-01
3.660501925278060731e-01 3.536666446812217757e-01 2.802831627909722068e-01
3.808052635227400229e-01 4.146152408620672469e-01 2.045794956151928412e-01
3.596642115839028264e-01 4.631676903940981638e-01 1.771680980219992319e-01
3.686551568852816652e-01 5.010521851666499549e-01 1.302926579480684077e-01
3.668561402917506209e-01 5.673937003414883939e-01 6.575015936676108230e-02
3.975534477388045218e-01 6.024465522611954782e-01 0.000000000000000000e+00
4.029710109318208056e-01 0.000000000000000000e+00 5.970289890681791389e-01
4.267878472653651167e-01 5.955608298144527551e-02 5.136560697531895592e-01
4.454184967131172290e-01 9.955341749653159877e-02 4.550280857903511444e-01
4.412222854668308436e-01 1.567995488270472193e-01 4.019781657061218816e-01
4.060092672380531953e-01 2.078725673800992935e-01 3.861181653818473447e-01
4.125293311584938838e-01 2.369148722242583327e-01 3.505557966172476170e-01
4.126409969303013736e-01 3.192702984696958457e-01 2.680887046000029472e-01
4.118106937753537866e-01 3.610359647086702206e-01 2.271533415159762703e-01
4.152056530716939919e-01 3.953100252886991850e-01 1.894843216396069341e-01
4.336502158272182439e-01 4.665757436002555547e-01 9.977404057252625691e-02
4.300270891860532019e-01 5.231387857605589442e-01 4.683412505338779841e-02
4.148223135852870946e-01 5.851776864147129054e-01 0.000000000000000000e+00
4.372456821360881651e-01 0.000000000000000000e+00 5.627543178639119459e-01
4.400179843122969947e-01 7.300652491349832185e-02 4.869754907742047112e-01
4.598227789814605115e-01 1.277815409578099137e-01 4.123956800607294082e-01
4.653882516655203916e-01 1.456203733627763897e-01 3.889913749717031077e-01
4.393705736788072747e-01 2.343510990049059439e-01 3.262783273162868092e-01
4.574092126602524733e-01 2.710001560557033784e-01 2.715906312840442038e-01
4.683592582733703269e-01 3.224564776722699255e-01 2.091842640543599696e-01
4.507308564150821484e-01 3.656213129575510146e-01 1.836478306273669758e-01
4.539024269877470763e-01 4.110704438628732804e-01 1.350271291493798098e-01
4.552122124066922404e-01 4.781574622708157363e-01 6.663032532249195394e-02
4.891430793075750572e-01 5.108569206924249428e-01 0.000000000000000000e+00
5.005156855520181969e-01 0.000000000000000000e+00 4.994843144479820252e-01
4.806898771596553877e-01 7.959267981553910798e-02 4.397174430248054211e-01
5.086585445968286878e-01 1.116288859313515625e-01 3.797125694718196942e-01
5.255382259506978793e-01 1.458422841285819949e-01 3.286194899207202091e-01
5.404542586447177444e-01 2.007376760244375391e-01 2.588080653308448831e-01
5.383605380150447983e-01 2.608539309960830055e-01 2.007855309888723072e-01
5.336652181763208436e-01 3.560265539369353860e-01 1.103082278867438121e-01
5.219062360383445176e-01 3.858268434412271963e-01 9.226692052042842485e-02
5.296535055649942425e-01 4.230280254678362994e-01 4.731846896716963846e-02
5.123834039636346871e-01 4.876165960363655349e-01 0.000000000000000000e+00
5.338567197530366126e-01 0.000000000000000000e+00 4.661432802469634429e-01
5.813784350664666922e-01 4.577718339626935667e-02 3.728443815372640135e-01
5.639147697892513689e-01 9.465962027257993072e-02 3.414256099381687282e-01
5.651985021902703465e-01 1.616477315963268102e-01 2.731537662134030375e-01
5.684040877524874080e-01 2.053445882770198183e-01 2.262513239704929124e-01
5.889960723141808296e-01 2.708962237658325001e-01 1.401077039199866148e-01
5.605053562107560339e-01 3.411415494214274369e-01 9.835309436781630721e-02
5.549037380845005529e-01 3.993830319465347944e-01 4.571322996896470120e-02
5.608804319127965732e-01 4.391195680872034268e-01 0.000000000000000000e+00
6.539507140637006444e-01 0.000000000000000000e+00 3.460492859362992446e-01
6.302746154891690766e-01 3.572168780936441079e-02 3.340036967014664571e-01
6.535860209257727815e-01 5.668612636056583748e-02 2.897278527136615267e-01
6.543069671803679599e-01 1.420530066709068673e-01 2.036400261487251173e-01
6.497765535830098971e-01 1.988440448060950771e-01 1.513794016108950813e-01
6.654600488727837604e-01 2.096707211271883198e-01 1.248692300000280031e-01
6.416943407195943028e-01 3.124058651949610521e-01 4.589979408544449940e-02
5.852050771450156841e-01 4.147949228549843159e-01 0.000000000000000000e+00
7.289414435378509527e-01 0.000000000000000000e+00 2.710585564621491028e-01
6.948668170047351822e-01 4.774862135359784349e-02 2.573845616416668980e-01
6.852111349856673250e-01 9.803853896988573569e-02 2.167503260444467450e-01
6.859960932587859661e-01 1.462719290195821642e-01 1.677319777216317032e-01
6.910630611844963411e-01 1.821000451855153690e-01 1.268368936299881788e-01
6.869327140552846656e-01 2.120329265152771092e-01 1.010343594294382252e-01
6.750860791098661773e-01 3.249139208901336007e-01 0.000000000000000000e+00
7.921900816143053747e-01 0.000000000000000000e+00 2.078099183856947918e-01
7.272659792620175256e-01 5.294951651892675082e-02 2.197845042190558484e-01
7.359691214111605539e-01 7.535226935912661683e-02 1.886786092297128015e-01
7.299714813050004469e-01 1.214608892493398706e-01 1.485676294456596547e-01
7.250811766037703610e-01 1.762991483515654878e-01 9.861967504466409573e-02
7.385270080292514194e-01 2.614729919707484140e-01 0.000000000000000000e+00
8.202665775220132627e-01 0.000000000000000000e+00 1.797334224779868483e-01
7.877683684983172174e-01 3.551951158381484036e-02 1.767121199178679769e-01
8.009645387223746082e-01 9.165713948462433924e-02 1.073783217930010248e-01
7.822324438392661561e-01 1.598875416813941019e-01 5.788001447933988075e-02
7.652452231157396145e-01 2.347547768842603022e-01 0.000000000000000000e+00
8.711676821967457851e-01 0.000000000000000000e+00 1.288323178032541316e-01
8.236904417535347855e-01 3.638610789621600505e-02 1.399234503502493066e-01
8.930141358130708751e-01 7.366837268298848107e-02 3.331749150394067160e-02
8.180542761035211052e-01 1.819457238964788948e-01 0.000000000000000000e+00
9.023566796277709967e-01 0.000000000000000000e+00 9.764332037222901717e-02
8.929336954633575463e-01 4.121294044733670586e-02 6.585336408930579644e-02
9.311390053586259263e-01 6.886099464137410142e-02 0.000000000000000000e+00
9.198753629347513616e-01 0.000000000000000000e+00 8.012463706524874940e-02
9.362076109239280131e-01 6.379238907607180653e-02 0.000000000000000000e+00
1.000000000000000000e+00 0.000000000000000000e+00 0.000000000000000000e+00
