0.000000000000000000e+00 0.000000000000000000e+00 1.000000000000000000e+00
0.000000000000000000e+00 4.761893923213798840e-02 9.523810607678619977e-01
0.000000000000000000e+00 1.057183199991429401e-01 8.942816800008569489e-01
0.000000000000000000e+00 1.411218313695068172e-01 8.588781686304931551e-01
0.000000000000000000e+00 2.076465154212953079e-01 7.923534845787048031e-01
0.000000000000000000e+00 2.776072399779233590e-01 7.223927600220767520e-01
0.000000000000000000e+00 3.353783516203786008e-01 6.646216483796213437e-01
0.000000000000000000e+00 3.938283924187068741e-01 6.061716075812932925e-01
0.000000000000000000e+00 4.381804478496922339e-01 5.618195521503077661e-01
0.000000000000000000e+00 5.140684077313630862e-01 4.859315922686369138e-01
0.000000000000000000e+00 5.498217427816247671e-01 4.501782572183752884e-01
0.000000000000000000e+00 6.248175120457495346e-01 3.751824879542504099e-01
0.000000000000000000e+00 6.812327818686602088e-01 3.187672181313399578e-01
0.000000000000000000e+00 7.115346276512921619e-01 2.884653723487078936e-01
0.000000000000000000e+00 7.581055891606961472e-01 2.418944108393038528e-01
0.000000000000000000e+00 8.271529807031900994e-01 1.728470192968096231e-01
0.000000000000000000e+00 9.104564923671352172e-01 8.954350763286476889e-02
0.000000000000000000e+00 9.608038037370737472e-01 3.919619626292614872e-02
0.000000000000000000e+00 1.000000000000000000e+00 0.000000000000000000e+00
5.928803822339272223e-02 0.000000000000000000e+00 9.407119617766072084e-01
6.661110151821977854e-02 4.180806226713073420e-02 8.915808362146494526e-01
5.851402187860112181e-02 1.054065695709503203e-01 8.360794085504484885e-01
4.534169354668816931e-02 1.661931263051653618e-01 7.884651801481464828e-01
4.695465679883036730e-02 2.305910396651081606e-01 7.224543035360614374e-01
4.846639026673588146e-02 2.929150767972400482e-01 6.586185329360240148e-01
5.739175105259507192e-02 3.344572590284395908e-01 6.081509899189653234e-01
3.945425189996358550e-02 4.007531055386053254e-01 5.597926425614311308e-01
6.089312480589341436e-02 4.439796651715406384e-01 4.951272100225658779e-01
6.122823750881056099e-02 5.065212669657342959e-01 4.322504955254550252e-01
5.881272227564348504e-02 5.560052109892692496e-01 3.851820667350874250e-01
5.120313876187930491e-02 6.028388781733010626e-01 3.459579830648197296e-01
5.133293799220248199e-02 6.605299242972074714e-01 2.881371377105900189e-01
6.103490984364191158e-02 7.254694097286511489e-01 2.134956804277068909e-01
5.552115492626516491e-02 7.825328888903356761e-01 1.619459561833993533e-01
5.182715079982207207e-02 8.351894633543429647e-01 1.129833858458349632e-01
5.789068709506731830e-02 8.849891000591290080e-01 5.712021284580363206e-02
3.845752967319841786e-02 9.615424703268015127e-01 0.000000000000000000e+00
1.195072531128178600e-01 0.000000000000000000e+00 8.804927468871821539e-01
1.014784480159490743e-01 5.342625155523961222e-02 8.450953004288114245e-01
1.169961185032418055e-01 1.211844679901011579e-01 7.618194135066569395e-01
1.063002721053156879e-01 1.677301161891837089e-01 7.259696117055005615e-01
1.200198194775995153e-01 2.041313503130862128e-01 6.758488302093141886e-01
1.266309618521851976e-01 2.631037802679666027e-01 6.102652578798480887e-01
1.202276349359426150e-01 3.330716000534450494e-01 5.467007650106121552e-01
1.234112915624015483e-01 3.981517397538642533e-01 4.784369686837342539e-01
1.135093916595968921e-01 4.499000393692945687e-01 4.365905689711084281e-01
1.105956261650866274e-01 4.981465677226711297e-01 3.912578061122420903e-01
1.247086049839021826e-01 5.466700377495062879e-01 3.286213572665915850e-01
1.291529943689738169e-01 6.138725778405267341e-01 2.569744277904994489e-01
1.097621940393249673e-01 6.601661530103580811e-01 2.300716529503170349e-01
1.280604106746898729e-01 7.200412354479932553e-01 1.518983538773168163e-01
1.048533000933739995e-01 7.887889600877199259e-01 1.063577398189060191e-01
1.212972620600098472e-01 8.244136907001136105e-01 5.428904723987629938e-02
1.347526845478884960e-01 8.652473154521116427e-01 0.000000000000000000e+00
1.777024839637031117e-01 0.000000000000000000e+00 8.222975160362969715e-01
1.508865576856736612e-01 5.806304664975731750e-02 7.910503956645690282e-01
1.682074530495412668e-01 1.061781300836602548e-01 7.256144168667985062e-01
1.770081504146474582e-01 1.633565389883473440e-01 6.596353105970049757e-01
1.740883427386022420e-01 2.132524020918092345e-01 6.126592551695885236e-01
1.682973230526143282e-01 2.907719076808277237e-01 5.409307692665580314e-01
1.710921364098980380e-01 3.394303622183061364e-01 4.894775013717959089e-01
1.718091688067374112e-01 4.018488831262192473e-01 4.263419480670432304e-01
1.534885122090910159e-01 4.524459037335000211e-01 3.940655840574088242e-01
1.779798521428742619e-01 5.095077213334101573e-01 3.125124265237154697e-01
1.708869727075936207e-01 5.668629829883359283e-01 2.622500443040704510e-01
1.792653537947510312e-01 5.975494343415753695e-01 2.231852118636735716e-01
1.777735491619145125e-01 6.692690670170651224e-01 1.529573838210205594e-01
1.727904596883901023e-01 7.131610387675035856e-01 1.140485015441061734e-01
1.695976974039957730e-01 7.757344863801086676e-01 5.466781621589555940e-02
1.706115691210250418e-01 8.293884308789751802e-01 0.000000000000000000e+00
2.144364119491360410e-01 0.000000000000000000e+00 7.855635880508640145e-01
2.128121553827844736e-01 7.111298899684032060e-02 7.160748556203750947e-01
2.167639274953779838e-01 1.252603035866240166e-01 6.579757689179979163e-01
2.269906796887284917e-01 1.708481850898304344e-01 6.021611352214412127e-01
2.212428032421505653e-01 2.381172420423264546e-01 5.406399547155230634e-01
2.301728473083839988e-01 2.741300600011447042e-01 4.956970926904714636e-01
2.233975655137961369e-01 3.435650146660135240e-01 4.330374198201903946e-01
2.087249033810744669e-01 4.069416900482188959e-01 3.843334065707066927e-01
2.196437108622859291e-01 4.393155769333447758e-01 3.410407122043691563e-01
2.148233821747697336e-01 5.006062337733865331e-01 2.845703840518436500e-01
2.101062672628114247e-01 5.576236640470570993e-01 2.322700686901313649e-01
2.315913890187396018e-01 6.002426532194653497e-01 1.681659577617950763e-01
2.307218433328827034e-01 6.698842767483608185e-01 9.939387991875639483e-02
2.230664818346798084e-01 7.178167941045688893e-01 5.911672406075119818e-02
2.198538836503801663e-01 7.801461163496197226e-01 0.000000000000000000e+00
2.776002749074414355e-01 0.000000000000000000e+00 7.223997250925586755e-01
2.846996704668386391e-01 5.395165158937638428e-02 6.613486779437848240e-01
2.696628088342001295e-01 1.234215221988727851e-01 6.069156689669271687e-01
2.731202939102349014e-01 1.698467920433561484e-01 5.570329140464089779e-01
2.852251338946487080e-01 2.159537926084889037e-01 4.988210734968624438e-01
2.812249692986169003e-01 2.846602350175288509e-01 4.341147956838541933e-01
2.919648980038871966e-01 3.231878197773904726e-01 3.848472822187222753e-01
2.586181568966879896e-01 3.951039971360200687e-01 3.462778459672919418e-01
2.809418939882202260e-01 4.413483494536769580e-01 2.777097565581027050e-01
2.591044792018036835e-01 5.023968130947119581e-01 2.384987077034844138e-01
2.615811249808023820e-01 5.707567448502367524e-01 1.676621301689609767e-01
2.762739022478561957e-01 6.256227941738826681e-01 9.810330357826126113e-02
2.665734353965368841e-01 6.640978340072825059e-01 6.932873059618063771e-02
2.718863772281417401e-01 7.281136227718578713e-01 0.000000000000000000e+00
3.263323788823684346e-01 0.000000000000000000e+00 6.736676211176314544e-01
3.338714487669982023e-01 5.528585048733788976e-02 6.108427007456637137e-01
3.317279965097486572e-01 1.251039352641200308e-01 5.431680682261311732e-01
3.362541308701991749e-01 1.523416984104765115e-01 5.114041707193244246e-01
3.393107582020944424e-01 2.252598522817195748e-01 4.354293895161859274e-01
3.389907895588531450e-01 2.649574022413956342e-01 3.960518081997511097e-01
3.312891928054916835e-01 3.268342621227560141e-01 3.418765450717522469e-01
3.282573717844542993e-01 3.929614254057194334e-01 2.787812028098263228e-01
3.158116302127628172e-01 4.584525571430486113e-01 2.257358126441885993e-01
3.430732854618212535e-01 4.933518650305005471e-01 1.635748495076783382e-01
3.238905716121254774e-01 5.615788231602865110e-01 1.145306052275881503e-01
3.341701818802492174e-01 6.139665855476654777e-01 5.186323257208520082e-02
3.070722020872176938e-01 6.929277979127821396e-01 0.000000000000000000e+00
3.935490704968426234e-01 0.000000000000000000e+00 6.064509295031572655e-01
3.959801471234389303e-01 5.118561265248411374e-02 5.528342402240771225e-01
4.008211475182124062e-01 1.238653730187983665e-01 4.753134794629892412e-01
4.037462364653510161e-01 1.497345640061724381e-01 4.465191995284766291e-01
3.969966062133468143e-01 2.232936820757983609e-01 3.797097117108548248e-01
4.027659762539836930e-01 2.577499840403312814e-01 3.394840397056849701e-01
3.884303877743611744e-01 3.412553116839230904e-01 2.703143005417157352e-01
3.888888888888888951e-01 3.888888888888888951e-01 2.222222222222222099e-01
3.949343599801932725e-01 4.441522281427235375e-01 1.609134118770833288e-01
3.920896141761113229e-01 5.005287257625538055e-01 1.073816600613348160e-01
3.881089937652820177e-01 5.650778113353003285e-01 4.681319489941759143e-02
3.879182363382726595e-01 6.120817636617271740e-01 0.000000000000000000e+00
4.449522576745539859e-01 0.000000000000000000e+00 5.550477423254460696e-01
4.555756208493439985e-01 4.311923401030973851e-02 5.013051451403461867e-01
4.559192494383859096e-01 9.997328522718042232e-02 4.441074653344335710e-01
4.464969281180141691e-01 1.699845595324181169e-01 3.835185123495676307e-01
4.544527619181167322e-01 2.033223779680052301e-01 3.422248601138780377e-01
4.495999725709540762e-01 2.685798456595967498e-01 2.818201817694491185e-01
4.385907695692307651e-01 3.395586098889075144e-01 2.218506205418616373e-01
4.356711528853717263e-01 3.893803424883457986e-01 1.749485046262824472e-01
4.415839965217350782e-01 4.617617360175036989e-01 9.665426746076120901e-02
4.333355202572991005e-01 5.113220850537600892e-01 5.534239468894064373e-02
4.339091998232841307e-01 5.660908001767155362e-01 0.000000000000000000e+00
5.278449920107572968e-01 0.000000000000000000e+00 4.721550079892427032e-01
4.981181046547242808e-01 5.175205460900671878e-02 4.501298407362689935e-01
5.090230824177478519e-01 9.591216529736606988e-02 3.950647522848860227e-01
4.893457533034393236e-01 1.615743649074060651e-01 3.490798817891545003e-01
5.251499480203659642e-01 2.082915386992775231e-01 2.665585132803565682e-01
4.939885511272763541e-01 2.858251498257377010e-01 2.201862990469861392e-01
4.817636408424195160e-01 3.380681036827924979e-01 1.801682554747879583e-01
5.035103567400304181e-01 3.909708929336651040e-01 1.055187503263045751e-01
4.867045320453441404e-01 4.637867892746065368e-01 4.950867868004914935e-02
4.767175302119437408e-01 5.232824697880561482e-01 0.000000000000000000e+00
5.626283073002633639e-01 0.000000000000000000e+00 4.373716926997366361e-01
5.475377362439515228e-01 6.906731565276914842e-02 3.833949481032795648e-01
5.493109796403606859e-01 1.130926368625190526e-01 3.375963834971204003e-01
5.560317773111803641e-01 1.670127012704975267e-01 2.769555214183222480e-01
5.517372078550891734e-01 2.186967452014623725e-01 2.295660469434484818e-01
5.442593032706364298e-01 2.868006877825072798e-01 1.689400089468562904e-01
5.539364985188253154e-01 3.438432882321368900e-01 1.022202132490380583e-01
5.561928482356929271e-01 3.886816725507904469e-01 5.512547921351674401e-02
5.371683722642646153e-01 4.628316277357353847e-01 0.000000000000000000e+00
6.227976090411295740e-01 0.000000000000000000e+00 3.772023909588703150e-01
6.317024929619348139e-01 4.218039799070437412e-02 3.261171090473606871e-01
6.102796790193746324e-01 1.180986650874111810e-01 2.716216558932142977e-01
6.108001373259699385e-01 1.674502971460082312e-01 2.217495655280216360e-01
6.152658671863875384e-01 2.215474565341735425e-01 1.631866762794389192e-01
5.918928135720612493e-01 2.928473247084710795e-01 1.152598617194677683e-01
6.177020537263446798e-01 3.316396250239871391e-01 5.065832124966822975e-02
6.092684040220065489e-01 3.907315959779935066e-01 0.000000000000000000e+00
6.808307122413150836e-01 0.000000000000000000e+00 3.191692877586849164e-01
6.700534573401163430e-01 5.053217801314463520e-02 2.794143646467389663e-01
6.756869261130280524e-01 1.243982185523700157e-01 1.999148553346018209e-01
6.642770189871244346e-01 1.739466060013592219e-01 1.617763750115160937e-01
6.579353372123358801e-01 2.155856908583442810e-01 1.264789719293196724e-01
6.647453457965393220e-01 2.654395279309732514e-01 6.981512627248727398e-02
6.672729085010484784e-01 3.327270914989515216e-01 0.000000000000000000e+00
7.130901910285025735e-01 0.000000000000000000e+00 2.869098089714974265e-01
7.099982155009197937e-01 5.248791463868168750e-02 2.375138698603984355e-01
7.301656652854343621e-01 1.027191555307870457e-01 1.671151791837784673e-01
7.151858082735669253e-01 1.712700468223444239e-01 1.135441449040884843e-01
7.222222222222222099e-01 2.222222222222222099e-01 5.555555555555555247e-02
7.272043429000640824e-01 2.727956570999358066e-01 0.000000000000000000e+00
7.892449923903568365e-01 0.000000000000000000e+00 2.107550076096430525e-01
7.750704458798182150e-01 5.712254888480028381e-02 1.678070052353814179e-01
7.892880387857895697e-01 1.075397778113301867e-01 1.031721834028801466e-01
7.702168482775111347e-01 1.699027002351653493e-01 5.988045148732326628e-02
7.666021880149267442e-01 2.333978119850732003e-01 0.000000000000000000e+00
8.333333333333333703e-01 0.000000000000000000e+00 1.666666666666666574e-01
8.361438252958224293e-01 5.350323615366493063e-02 1.103529385505125637e-01
8.449780293108682949e-01 1.041253339525114036e-01 5.089663673662021826e-02
8.166811963531888097e-01 1.833188036468110516e-01 0.000000000000000000e+00
8.777409731432905815e-01 0.000000000000000000e+00 1.222590268567091965e-01
8.883999160563661457e-01 6.276105760917081999e-02 4.883902633446307595e-02
8.978545991148831895e-01 1.021454008851168382e-01 0.000000000000000000e+00
9.525545091333685876e-01 0.000000000000000000e+00 4.744549086663141929e-02
9.434114409313608673e-01 5.658855906863895918e-02 0.000000000000000000e+00
1.000000000000000000e+00 0.000000000000000000e+00 0.000000000000000000e+00
