0.000000000000000000e+00 0.000000000000000000e+00 1.000000000000000000e+00
0.000000000000000000e+00 6.330051951816499656e-02 9.366994804818350451e-01
0.000000000000000000e+00 1.087643968282124979e-01 8.912356031717875160e-01
0.000000000000000000e+00 1.710657031971756781e-01 8.289342968028242664e-01
0.000000000000000000e+00 2.240401634265575814e-01 7.759598365734425851e-01
0.000000000000000000e+00 2.777777777777777901e-01 7.222222222222222099e-01
0.000000000000000000e+00 3.397893441768126688e-01 6.602106558231873867e-01
0.000000000000000000e+00 3.948439513490880071e-01 6.051560486509121040e-01
0.000000000000000000e+00 4.392771454912629547e-01 5.607228545087370453e-01
0.000000000000000000e+00 4.942464294723029061e-01 5.057535705276970939e-01
0.000000000000000000e+00 5.545846651518271386e-01 4.454153348481729169e-01
0.000000000000000000e+00 6.088655960264783840e-01 3.911344039735215605e-01
0.000000000000000000e+00 6.685517673518822646e-01 3.314482326481176244e-01
0.000000000000000000e+00 7.250600460671694503e-01 2.749399539328307718e-01
0.000000000000000000e+00 7.692805027829621167e-01 2.307194972170378833e-01
0.000000000000000000e+00 8.247467892742263995e-01 1.752532107257735172e-01
0.000000000000000000e+00 8.960003401195466566e-01 1.039996598804533018e-01
0.000000000000000000e+00 9.444037428865578176e-01 5.559625711344210602e-02
0.000000000000000000e+00 1.000000000000000000e+00 0.000000000000000000e+00
5.751244739885712220e-02 0.000000000000000000e+00 9.424875526011428084e-01
5.870939276912105764e-02 5.546441703159510350e-02 8.858261901992837695e-01
5.555555555555555247e-02 1.111111111111111049e-01 8.333333333333333703e-01
5.555555555555555247e-02 1.666666666666666574e-01 7.777777777777777901e-01
5.018153312712029385e-02 2.260012606493990717e-01 7.238172062234805582e-01
5.763747651426959218e-02 2.755003385635971802e-01 6.668621849221333386e-01
5.591919126208670654e-02 3.321658770403742578e-01 6.119149316975390773e-01
5.956062416334433063e-02 3.867165413662147500e-01 5.537228344704410166e-01
6.202890523865921268e-02 4.411702242481884695e-01 4.968008705131523595e-01
5.182671950109525583e-02 5.060439851967356573e-01 4.421292953021691008e-01
4.145993408842457706e-02 5.611043467560554721e-01 3.974357191555199509e-01
6.512561105879946521e-02 6.084098381622862206e-01 3.264645507789143974e-01
5.027159983554504302e-02 6.663261683697357940e-01 2.834022317947194058e-01
5.562299552988884260e-02 7.258731659773858258e-01 2.185038384927253663e-01
5.889119262345313133e-02 7.757743857819008326e-01 1.653344215946460360e-01
5.499937937257027426e-02 8.349767185612290143e-01 1.100239020662008155e-01
6.056265552626011878e-02 8.848408308588450177e-01 5.459651361489477328e-02
6.234579169086361394e-02 9.376542083091363722e-01 0.000000000000000000e+00
9.933481385454392965e-02 0.000000000000000000e+00 9.006651861454559871e-01
1.128688106933869173e-01 6.181693614326320974e-02 8.253142531633500534e-01
1.024861063830821289e-01 1.072223294942443172e-01 7.902915641226735399e-01
1.111111111111111049e-01 1.666666666666666574e-01 7.222222222222222099e-01
1.091587093282298387e-01 2.238576725110769938e-01 6.669836181606931813e-01
1.097429042152775341e-01 2.784225659611592740e-01 6.118345298235631224e-01
1.113816012059042626e-01 3.339601087449156624e-01 5.546582900491801027e-01
1.109336702560488747e-01 3.888459606253753531e-01 5.002203691185758139e-01
1.132407876699542820e-01 4.441396844504685304e-01 4.426195278795771459e-01
1.088025575808260204e-01 5.081726410502737101e-01 3.830248013689002140e-01
1.096236780277511785e-01 5.571443409777979694e-01 3.332319809944506717e-01
1.181609107698567140e-01 6.098839778231761599e-01 2.719551114069673203e-01
1.142372085402272863e-01 6.629296844015040158e-01 2.228331070582687534e-01
1.076641057392843520e-01 7.256020884224304579e-01 1.667338058382850097e-01
1.067717707189964615e-01 7.787660681431213261e-01 1.144621611378822401e-01
1.138031608405688094e-01 8.376546527687601662e-01 4.854218639067117702e-02
1.096524479404863278e-01 8.903475520595135473e-01 0.000000000000000000e+00
1.585093292301446022e-01 0.000000000000000000e+00 8.414906707698551758e-01
1.665227395164971258e-01 5.612784728222968561e-02 7.773494132012731539e-01
1.663894628626879924e-01 1.114767966709544200e-01 7.221337404663575876e-01
1.708925216946269587e-01 1.642236740971693421e-01 6.648838042082036992e-01
1.728063979493571212e-01 2.241794254224652172e-01 6.030141766281776894e-01
1.660072620979655689e-01 2.765461639018436668e-01 5.574465740001907088e-01
1.670246199919884766e-01 3.330137049842587516e-01 4.999616750237527163e-01
1.677789926525797004e-01 3.927702497085266420e-01 4.394507576388936299e-01
1.666666666666666574e-01 4.444444444444444198e-01 3.888888888888888951e-01
1.691340031019725187e-01 4.992492245402591067e-01 3.316167723577684301e-01
1.675985850409349442e-01 5.556651258668172666e-01 2.767362890922478447e-01
1.578131004970125817e-01 6.110221053766266008e-01 2.311647941263607342e-01
1.661813541857169729e-01 6.635483502304115877e-01 1.702702955838714671e-01
1.640107195422480790e-01 7.246122315539524905e-01 1.113770489037994860e-01
1.639618787719283599e-01 7.828875429345584225e-01 5.315057829351339108e-02
1.703402064387983805e-01 8.296597935612017860e-01 0.000000000000000000e+00
2.284562018645918124e-01 0.000000000000000000e+00 7.715437981354081876e-01
2.261038529238690586e-01 5.563438081328777457e-02 7.182617662628432154e-01
2.168275441550097105e-01 1.110247474653315164e-01 6.721477083796587593e-01
2.258012032324193674e-01 1.648519824555682023e-01 6.093468143120124303e-01
2.239563344048726701e-01 2.225114185074342221e-01 5.535322470876931078e-01
2.232413871934008365e-01 2.722565317592424705e-01 5.045020810473566097e-01
2.150982638558412152e-01 3.347831863192195501e-01 4.501185498249390959e-01
2.249873740136572597e-01 3.854635715132218587e-01 3.895490544731207705e-01
2.222588835488995551e-01 4.357786921354300236e-01 3.419624243156704768e-01
2.281535467698311836e-01 4.963562465582509464e-01 2.754902066719179810e-01
2.185532812690689497e-01 5.550251465199443901e-01 2.264215722109865769e-01
2.281084307210733964e-01 6.050269625425087616e-01 1.668646067364177032e-01
2.183821481732377834e-01 6.708435901310882965e-01 1.107742616956738091e-01
2.252323849543751144e-01 7.181042143175818682e-01 5.666340072804312150e-02
2.275370443158868938e-01 7.724629556841130507e-01 0.000000000000000000e+00
2.827235807376927701e-01 0.000000000000000000e+00 7.172764192623073409e-01
2.820813448572180304e-01 5.183578357168310696e-02 6.660828715710986891e-01
2.773849142664839840e-01 1.137713268073542033e-01 6.088437589261619376e-01
2.784158022353384054e-01 1.672732728771651467e-01 5.543109248874962258e-01
2.795783261776431661e-01 2.173405322657791516e-01 5.030811415565776823e-01
2.752672535593482794e-01 2.769627804380853098e-01 4.477699660025664108e-01
2.780858113476167848e-01 3.352326914612611120e-01 3.866814971911220478e-01
2.765835818082056363e-01 3.915484008686417328e-01 3.318680173231526309e-01
2.845005023651434595e-01 4.431058628797014398e-01 2.723936347551549897e-01
2.765327181365079823e-01 4.975571744777491090e-01 2.259101073857429087e-01
2.776085169856044588e-01 5.537197627744440132e-01 1.686717202399513615e-01
2.782874104302492380e-01 6.056999462265387768e-01 1.160126433432118187e-01
2.726034953189340748e-01 6.699290363715189045e-01 5.746746830954697211e-02
2.786666833722074021e-01 7.213333166277926534e-01 0.000000000000000000e+00
3.309495914726461319e-01 0.000000000000000000e+00 6.690504085273537571e-01
3.376264520016551418e-01 5.440890100587202072e-02 6.079646469924727681e-01
3.355457180635997294e-01 1.071220660408138126e-01 5.573322158955864580e-01
3.347709072801479113e-01 1.635721481172489888e-01 5.016569446026031276e-01
3.378775069143716836e-01 2.229313054079662126e-01 4.391911876776620205e-01
3.310624314499526211e-01 2.750358228104334279e-01 3.939017457396138400e-01
3.226921487862329796e-01 3.394239518923538035e-01 3.378838993214132169e-01
3.338681569835986185e-01 3.910476702536982430e-01 2.750841727627031386e-01
3.327383595697388508e-01 4.413641971128051122e-01 2.258974433174560092e-01
3.343491791375042266e-01 4.997297247674140075e-01 1.659210960950817659e-01
3.284418005484824321e-01 5.590858499877738863e-01 1.124723494637436677e-01
3.295449474428264747e-01 6.133405902677177002e-01 5.711446228945586678e-02
3.287045040424981246e-01 6.712954959575018199e-01 0.000000000000000000e+00
3.920741542931515111e-01 0.000000000000000000e+00 6.079258457068485999e-01
3.910082486725030004e-01 4.934208750997846199e-02 5.596496638175185723e-01
3.888888888888888951e-01 1.111111111111111049e-01 5.000000000000000000e-01
3.881073063190109140e-01 1.714754676740028738e-01 4.404172260069861844e-01
3.878319216894764443e-01 2.281759984717903478e-01 3.839920798387331247e-01
3.877014501128028812e-01 2.757823499091800468e-01 3.365161999780171276e-01
3.990814561747704770e-01 3.264513368971475038e-01 2.744672069280819082e-01
3.873016582968375476e-01 3.823556033654346153e-01 2.303427383377278093e-01
3.933221596368415840e-01 4.442908268377516734e-01 1.623870135254066038e-01
3.926227442601424311e-01 5.009259948397773998e-01 1.064512609000802523e-01
3.892303049000598869e-01 5.544091127413887099e-01 5.636058235855148646e-02
3.878072949906098410e-01 6.121927050093902700e-01 0.000000000000000000e+00
4.448745049559670872e-01 0.000000000000000000e+00 5.551254950440329683e-01
4.431108093928696756e-01 5.527876290718677227e-02 5.016104276999434619e-01
4.488662600717424622e-01 1.063889150497434322e-01 4.447448248785141334e-01
4.373004438584646714e-01 1.763534301929535753e-01 3.863461259485818089e-01
4.453766778343483113e-01 2.225054077202557878e-01 3.321179144453959009e-01
4.353382661551660759e-01 2.815061553066012245e-01 2.831555785382326995e-01
4.444444444444444198e-01 3.333333333333333148e-01 2.222222222222222099e-01
4.446935569332388094e-01 3.830930257192978194e-01 1.722134173474633434e-01
4.343451726485996200e-01 4.446563690668525193e-01 1.209984582845479162e-01
4.459550921269198054e-01 4.988297017004281186e-01 5.521520617265204822e-02
4.453705187895551920e-01 5.546294812104448635e-01 0.000000000000000000e+00
5.060962150658229186e-01 0.000000000000000000e+00 4.939037849341769704e-01
5.080231622025741522e-01 4.959301092677560058e-02 4.423838268706502541e-01
4.926593156299959309e-01 1.126403260639339127e-01 3.947003583060701426e-01
4.979315803307197141e-01 1.685338372792616335e-01 3.335345823900186524e-01
4.932318652593470909e-01 2.317937047154107755e-01 2.749744300252421336e-01
5.026652137565073009e-01 2.750733791065369527e-01 2.222614071369557465e-01
5.028073956831573543e-01 3.341665641531307851e-01 1.630260401637116940e-01
4.978849275184712986e-01 3.923226773953290558e-01 1.097923950861996317e-01
4.947022092718144637e-01 4.488852364059259248e-01 5.641255432225959071e-02
4.969323502904509082e-01 5.030676497095492028e-01 0.000000000000000000e+00
5.608430575683621688e-01 0.000000000000000000e+00 4.391569424316378867e-01
5.529910052755171446e-01 6.226777900949145850e-02 3.847412157149913692e-01
5.610624566740937125e-01 1.044628600770313581e-01 3.344746832488750266e-01
5.467781811900673805e-01 1.663947357273360406e-01 2.868270830825965789e-01
5.497928532286303627e-01 2.251449116951061424e-01 2.250622350762636059e-01
5.450920713665200479e-01 2.853032151166773334e-01 1.696047135168026188e-01
5.492863881848997210e-01 3.379520619679677873e-01 1.127615498471325473e-01
5.610975628623303679e-01 3.881981698046017559e-01 5.070426733306780676e-02
5.473352622155845948e-01 4.526647377844155162e-01 0.000000000000000000e+00
6.101721360369776193e-01 0.000000000000000000e+00 3.898278639630224363e-01
6.077439596375373565e-01 6.530252631509451955e-02 3.269535140473682211e-01
6.116345658376469707e-01 1.114493275305002973e-01 2.769161066318528430e-01
6.102195661978284669e-01 1.687481400887640426e-01 2.210322937134075183e-01
6.128633786464277033e-01 2.156495660298077544e-01 1.714870553237645701e-01
6.109071732725548376e-01 2.768103936921987307e-01 1.122824330352465982e-01
6.092664795364381991e-01 3.384204851492363386e-01 5.231303531432550391e-02
6.112687414775469508e-01 3.887312585224531047e-01 0.000000000000000000e+00
6.668415055970947636e-01 0.000000000000000000e+00 3.331584944029051809e-01
6.740193178815599984e-01 5.404257627344753734e-02 2.719381058449925614e-01
6.671183209623259280e-01 1.094630248416115365e-01 2.234186541960624384e-01
6.619844602685543977e-01 1.733364095401093707e-01 1.646791301913360650e-01
6.613400917847954696e-01 2.252840267078531633e-01 1.133758815073512977e-01
6.678310191694304399e-01 2.787154352223986109e-01 5.345354560817094230e-02
6.642495316257894800e-01 3.357504683742105200e-01 0.000000000000000000e+00
7.250131416167892029e-01 0.000000000000000000e+00 2.749868583832109081e-01
7.141995979835265018e-01 6.009821419668259779e-02 2.257021878197909004e-01
7.241483476090985194e-01 1.115124101676861768e-01 1.643392422232152483e-01
7.189948286277684231e-01 1.749502828962238576e-01 1.060548884760076915e-01
7.183433032317703137e-01 2.319002925581980790e-01 4.975640421003137831e-02
7.300737838248975153e-01 2.699262161751025402e-01 0.000000000000000000e+00
7.777777777777777901e-01 0.000000000000000000e+00 2.222222222222222099e-01
7.777672576102161450e-01 5.301840658762813074e-02 1.692143358021556410e-01
7.777777777777777901e-01 1.111111111111111049e-01 1.111111111111111049e-01
7.722368060089470632e-01 1.673197539816398960e-01 6.044344000941318656e-02
7.795124831490907180e-01 2.204875168509093375e-01 0.000000000000000000e+00
8.384050114034802270e-01 0.000000000000000000e+00 1.615949885965195787e-01
8.330744358216871648e-01 5.366994847243213018e-02 1.132556157058807467e-01
8.240542159355332963e-01 1.152310795934199522e-01 6.071470447104655027e-02
8.311684067485493044e-01 1.688315932514508622e-01 0.000000000000000000e+00
8.874952725973684897e-01 0.000000000000000000e+00 1.125047274026315103e-01
8.914565065829451740e-01 5.087020789792380537e-02 5.767328551913095125e-02
8.913374655447334760e-01 1.086625344552663852e-01 0.000000000000000000e+00
9.572301878032022371e-01 0.000000000000000000e+00 4.276981219679767271e-02
9.432034379633613685e-01 5.679656203663859676e-02 0.000000000000000000e+00
1.000000000000000000e+00 0.000000000000000000e+00 0.000000000000000000e+00
