0.000000000000000000e+00 0.000000000000000000e+00 1.000000000000000000e+00
0.000000000000000000e+00 5.501088576705218114e-02 9.449891142329477356e-01
0.000000000000000000e+00 1.307389610125286872e-01 8.692610389874710908e-01
0.000000000000000000e+00 1.772826688323658195e-01 8.227173311676341250e-01
0.000000000000000000e+00 2.231225643834174877e-01 7.768774356165825123e-01
0.000000000000000000e+00 2.968449955704400844e-01 7.031550044295596935e-01
0.000000000000000000e+00 3.241673350651282925e-01 6.758326649348715964e-01
0.000000000000000000e+00 3.667050283058518878e-01 6.332949716941480567e-01
0.000000000000000000e+00 4.300403385945380519e-01 5.699596614054619481e-01
0.000000000000000000e+00 4.899579940080635021e-01 5.100420059919364979e-01
0.000000000000000000e+00 5.487956220712563171e-01 4.512043779287437384e-01
0.000000000000000000e+00 6.322178179120548913e-01 3.677821820879452197e-01
0.000000000000000000e+00 6.784444739989328177e-01 3.215555260010671268e-01
0.000000000000000000e+00 7.180754394667648866e-01 2.819245605332349469e-01
0.000000000000000000e+00 7.583744040879668580e-01 2.416255959120328645e-01
0.000000000000000000e+00 8.116760645733526180e-01 1.883239354266470489e-01
0.000000000000000000e+00 8.586053462950185011e-01 1.413946537049809438e-01
0.000000000000000000e+00 9.473248587291678291e-01 5.267514127083205988e-02
0.000000000000000000e+00 1.000000000000000000e+00 0.000000000000000000e+00
6.757199324569129750e-02 0.000000000000000000e+00 9.324280067543084805e-01
4.079097947152788423e-02 6.379113956470312818e-02 8.954178809637688419e-01
5.766931607389798320e-02 1.029559120588755955e-01 8.393747718672264213e-01
4.512760013802109144e-02 1.818543740913536044e-01 7.730180257706251723e-01
8.118972815894964778e-02 2.088468379772653316e-01 7.099634338637847986e-01
6.698377821938042431e-02 2.720625996542062053e-01 6.609536221264133982e-01
7.464240706012437165e-02 3.189584023054135020e-01 6.063991906344621263e-01
7.890158081299153414e-02 3.619601178965677901e-01 5.591383012904407313e-01
3.504377931774461247e-02 4.733295632134977837e-01 4.916266574687574997e-01
7.906447646622286052e-02 4.995144053412372553e-01 4.214211181925399119e-01
5.276100527029950471e-02 5.590778458893077563e-01 3.881611488403928778e-01
3.646408503050867222e-02 6.192547588988919216e-01 3.442811560705993923e-01
6.670307699866646900e-02 6.372896380987245202e-01 2.960072849026089692e-01
4.258075454980010666e-02 7.332955523400677134e-01 2.241236931101319996e-01
2.743687178590234477e-02 7.788925490225123704e-01 1.936705791915851183e-01
2.686119190069827245e-02 8.425422501808519371e-01 1.305965579184495684e-01
5.023589565196354134e-02 9.020349683055444157e-01 4.772913604249217484e-02
4.187090444788980209e-02 9.581290955521103436e-01 0.000000000000000000e+00
7.978372079831871910e-02 0.000000000000000000e+00 9.202162792016811421e-01
8.809716372750565905e-02 4.502469730337179538e-02 8.668781389691225803e-01
1.150947143142708462e-01 1.024764518305021632e-01 7.824288338552269906e-01
1.140523725097893765e-01 1.777218117318445090e-01 7.082258157583660729e-01
1.331308241361836842e-01 1.992400609901406328e-01 6.676291148736754888e-01
1.419463832895547784e-01 2.517303825435933118e-01 6.063232341668520764e-01
1.365699864502379346e-01 3.029341776472593839e-01 5.604958359025026260e-01
1.135326997108616759e-01 3.966719490922472890e-01 4.897953511968909934e-01
1.235449048345409612e-01 4.115851630357747482e-01 4.648699321296841380e-01
1.159168656655410190e-01 5.024762495340935331e-01 3.816068848003653646e-01
1.064339679967987451e-01 5.715626833279258134e-01 3.220033486752753027e-01
1.237650118332612598e-01 6.051841371433468453e-01 2.710508510233918811e-01
1.343341580001607416e-01 6.624579808109101187e-01 2.032078611889290842e-01
1.199098743334202216e-01 7.148580668564764595e-01 1.652320588101031940e-01
1.229257890117457785e-01 7.770410594264298698e-01 1.000331515618243516e-01
9.406699517747056649e-02 8.388762081217844280e-01 6.705679670074506105e-02
9.217605667917631862e-02 9.078239433208236120e-01 0.000000000000000000e+00
1.418403337710775480e-01 0.000000000000000000e+00 8.581596662289225907e-01
1.754337572823058411e-01 4.846868605043536810e-02 7.760975566672588810e-01
1.511129941346233962e-01 1.095307726736395038e-01 7.393562331917370445e-01
1.715404034322196569e-01 1.692800406274235225e-01 6.591795559403568205e-01
1.753201914078962309e-01 2.208650979084340882e-01 6.038147106836695421e-01
1.647461241412946087e-01 2.746113736455279009e-01 5.606425022131773517e-01
1.719129292702262224e-01 3.331057837699428759e-01 4.949812869598308462e-01
1.539481932905217565e-01 3.944660371542575428e-01 4.515857695552207285e-01
1.986265711762641162e-01 4.379011423668643932e-01 3.634722864568715184e-01
1.445179833222008103e-01 5.073058301304748108e-01 3.481761865473242956e-01
1.336629020212200258e-01 5.611665037388412491e-01 3.051705942399387528e-01
1.549799540231319717e-01 5.953104306387702049e-01 2.497096153380977401e-01
1.664512335627245654e-01 6.641413347642701748e-01 1.694074316730051488e-01
1.681980196335007838e-01 7.406374526472220277e-01 9.116452771927718857e-02
1.484647639766318306e-01 7.884271991504542276e-01 6.310803687291405284e-02
1.675933299934166953e-01 8.324066700065833047e-01 0.000000000000000000e+00
1.983665433460961025e-01 0.000000000000000000e+00 8.016334566539038420e-01
2.268611128377359676e-01 6.336617043371128855e-02 7.097727167285525773e-01
2.394247244608367353e-01 1.065548412991751126e-01 6.540204342399882353e-01
2.237256896951437257e-01 1.781514292863083937e-01 5.981228810185479361e-01
2.111204163226406139e-01 2.202381395640556350e-01 5.686414441133038622e-01
2.011642388476150844e-01 2.667434302166963866e-01 5.320923309356887509e-01
1.956531719219925802e-01 3.639452954833351517e-01 4.404015325946722959e-01
2.389518855329562097e-01 4.154686098222359902e-01 3.455795046448078001e-01
2.395957324248844666e-01 4.447550368679414334e-01 3.156492307071740999e-01
2.107913015315724115e-01 5.167445384675946052e-01 2.724641600008330111e-01
2.393013448871728344e-01 5.560172610963934892e-01 2.046813940164336487e-01
2.479336681809043985e-01 5.954824726933035661e-01 1.565838591257922296e-01
2.188761533113218749e-01 6.888956507179103683e-01 9.222819597076770126e-02
2.236224569489497493e-01 7.051433001391615996e-01 7.123424291188860946e-02
1.915397070725247675e-01 8.084602929274753436e-01 0.000000000000000000e+00
2.624909379866818271e-01 0.000000000000000000e+00 7.375090620133180064e-01
2.873382091789667969e-01 5.384378930283768849e-02 6.588180015181954730e-01
2.747321847939951933e-01 1.143636432954267118e-01 6.109041719105782198e-01
2.942664905335378167e-01 1.483568003123429679e-01 5.573767091541192986e-01
2.962444655999214027e-01 2.072084682162259606e-01 4.965470661838525812e-01
2.928878465253936803e-01 2.827725394192404096e-01 4.243396140553657991e-01
2.773299956573665459e-01 3.251942357054043997e-01 3.974757686372288878e-01
2.868906769539122936e-01 3.842732856878820491e-01 3.288360373582056573e-01
3.090259775728188552e-01 4.274716054905856044e-01 2.635024169365954849e-01
2.880482691477730395e-01 4.648562767464595735e-01 2.470954541057675813e-01
3.054330268857971542e-01 5.285922010691845863e-01 1.659747720450182595e-01
2.835551846658056485e-01 6.035141867560840367e-01 1.129306285781101760e-01
3.075082918041571745e-01 6.601730488342265613e-01 3.231865936161613245e-02
2.885226554080940198e-01 7.114773445919060357e-01 0.000000000000000000e+00
3.350905453933081812e-01 0.000000000000000000e+00 6.649094546066917077e-01
3.385578535112602205e-01 5.594509214415129689e-02 6.054970543445885589e-01
3.400905802027399671e-01 1.030472611492683072e-01 5.568621586479918228e-01
3.098362021239361441e-01 1.879092984031080771e-01 5.022544994729556400e-01
3.146026981695605462e-01 2.481340207816259136e-01 4.372632810488134569e-01
3.328397099596326902e-01 2.794582776400472701e-01 3.877020124003199286e-01
3.362104712703962162e-01 3.446355009252272117e-01 3.191540278043766832e-01
3.283126538695027019e-01 3.821795155325666271e-01 2.895078305979308375e-01
3.510719484379295485e-01 4.346720031057678124e-01 2.142560484563027778e-01
3.367062239956545855e-01 5.055492300161230634e-01 1.577445459882222401e-01
3.293008075563800818e-01 5.442051047604704594e-01 1.264940876831495420e-01
3.315970365980082102e-01 6.095378333472120103e-01 5.886513005477979343e-02
3.558135706320276204e-01 6.441864293679724351e-01 0.000000000000000000e+00
4.087546456895589375e-01 0.000000000000000000e+00 5.912453543104410070e-01
3.787478908819528756e-01 8.518403004850014226e-02 5.360680790695470099e-01
3.469474302746455852e-01 1.498080193387556491e-01 5.032445503865987657e-01
3.728953525711428685e-01 1.959251830816908235e-01 4.311794643471663635e-01
3.782048569034963670e-01 2.284636115227708375e-01 3.933315315737329065e-01
4.058184513904004032e-01 2.777228499337607293e-01 3.164586986758388676e-01
3.746439121630716906e-01 3.440277096253970823e-01 2.813283782115313381e-01
3.922507717451043652e-01 3.782786518146115662e-01 2.294705764402838744e-01
3.883926063605309675e-01 4.428355170808391805e-01 1.687718765586298797e-01
3.785763051533492241e-01 5.162646067367332448e-01 1.051590881099175173e-01
3.626705749740454232e-01 5.690784333273516404e-01 6.825099169860292248e-02
4.174151747348574526e-01 5.825848252651423254e-01 0.000000000000000000e+00
4.317165077012811158e-01 0.000000000000000000e+00 5.682834922987188842e-01
4.088920307648992725e-01 9.260017772705209094e-02 4.985077915080486366e-01
4.490454041454552403e-01 1.110239536546151484e-01 4.399306421999297223e-01
4.365070229368230859e-01 1.758232432954982549e-01 3.876697337676786037e-01
4.299840678835321062e-01 2.207412000366354432e-01 3.492747320798322841e-01
4.459118522103583393e-01 2.727889129299210236e-01 2.812992348597206371e-01
4.521639292407246824e-01 3.382642904047320487e-01 2.095717803545432967e-01
4.231673236842834473e-01 4.010390312087696585e-01 1.757936451069468109e-01
4.361185227256954011e-01 4.453090050256960364e-01 1.185724722486085209e-01
4.598913688509933539e-01 4.944583627601845111e-01 4.565026838882214888e-02
4.445187872707866972e-01 5.554812127292131363e-01 0.000000000000000000e+00
4.783152345414540263e-01 0.000000000000000000e+00 5.216847654585458072e-01
5.008353784117197671e-01 4.728424676706125679e-02 4.518803748212190108e-01
5.108127746318271711e-01 1.138549498262041021e-01 3.753322755419686851e-01
4.793970581267800180e-01 1.706195578004220115e-01 3.499833840727979428e-01
5.078994638329448197e-01 2.192519038472244830e-01 2.728486323198307528e-01
5.102435052958632644e-01 2.749454311257666927e-01 2.148110635783700706e-01
4.977664887883597733e-01 3.233206365734700438e-01 1.789128746381702106e-01
4.781514718072761294e-01 4.202620379663889461e-01 1.015864902263351327e-01
4.882158038032091696e-01 4.675291491419747980e-01 4.425504705481616424e-02
4.755103600773352701e-01 5.244896399226647299e-01 0.000000000000000000e+00
5.255882127225133260e-01 0.000000000000000000e+00 4.744117872774864519e-01
5.377495248590182797e-01 5.055746452639059418e-02 4.116930106145909596e-01
5.622652182813578925e-01 1.016001360571640588e-01 3.361346456614779932e-01
5.785672399360081153e-01 1.667901229454995804e-01 2.546426371184924986e-01
5.570225773128059110e-01 2.211590082205741881e-01 2.218184144666199564e-01
5.427287697774679787e-01 2.913585410251549046e-01 1.659126891973771445e-01
5.478622643613408894e-01 3.099852219267674180e-01 1.421525137118916648e-01
5.490427538150659537e-01 3.839435104883110461e-01 6.701373569662320839e-02
5.050719012651007089e-01 4.949280987348992911e-01 0.000000000000000000e+00
5.835263818613368736e-01 0.000000000000000000e+00 4.164736181386629044e-01
6.069865923758079873e-01 5.356065329906877642e-02 3.394527543251233404e-01
6.209720792845544457e-01 9.165238413076551294e-02 2.873755365846801246e-01
6.218592137533447417e-01 1.561265321061781342e-01 2.220142541404770964e-01
6.079213973312005415e-01 2.175043871663971951e-01 1.745742155024023190e-01
6.105904571705786932e-01 2.740890131190389378e-01 1.153205297103822580e-01
5.991371553149501539e-01 3.330685926001695218e-01 6.779425208488032428e-02
6.285958914766055505e-01 3.714041085233943940e-01 0.000000000000000000e+00
6.492336873597459590e-01 0.000000000000000000e+00 3.507663126402537634e-01
6.570754550501246571e-01 2.538849212287288409e-02 3.175360528270024241e-01
6.630265234477593639e-01 8.407535135663196657e-02 2.528981251956086140e-01
6.672227123253002823e-01 1.713415274883768880e-01 1.614357601863226077e-01
6.598993623552901200e-01 2.272148253618288538e-01 1.128858122828807348e-01
6.679687689485377389e-01 2.858159885977727410e-01 4.621524245368943684e-02
6.890761992108296319e-01 3.109238007891702571e-01 0.000000000000000000e+00
7.159684040391895987e-01 0.000000000000000000e+00 2.840315959608104568e-01
7.300627097304758228e-01 3.308006829279734606e-02 2.368572219767269282e-01
7.157761240444612261e-01 1.071149308341935585e-01 1.771089451213450627e-01
7.080188137713139263e-01 1.588705509752923739e-01 1.331106352533935611e-01
7.256398215427142251e-01 2.075038042681745520e-01 6.685637418911111185e-02
7.544817118119392374e-01 2.455182881880608181e-01 0.000000000000000000e+00
7.749763892025959278e-01 0.000000000000000000e+00 2.250236107974042388e-01
7.975852158895478938e-01 5.590403322152233401e-02 1.465107508889296750e-01
7.684090389455169312e-01 1.074604545848245885e-01 1.241305064696582305e-01
7.595937096667367827e-01 1.638869779787429926e-01 7.651931235452016922e-02
8.364125029290817581e-01 1.635874970709184639e-01 0.000000000000000000e+00
8.271679347901446100e-01 0.000000000000000000e+00 1.728320652098555288e-01
8.300176278843660604e-01 4.287055470656130074e-02 1.271118174090726805e-01
8.124089434293272349e-01 1.130937866754588156e-01 7.449726989521388010e-02
8.694905127599648065e-01 1.305094872400354156e-01 0.000000000000000000e+00
8.884782729352472819e-01 0.000000000000000000e+00 1.115217270647526765e-01
9.012826318534589154e-01 6.533844500992103121e-02 3.337892313661993543e-02
9.217569608817585136e-01 7.824303911824175006e-02 0.000000000000000000e+00
9.173414150231204989e-01 0.000000000000000000e+00 8.265858497687939010e-02
9.368760621499374608e-01 6.312393785006273350e-02 0.000000000000000000e+00
1.000000000000000000e+00 0.000000000000000000e+00 0.000000000000000000e+00
