0.000000000000000000e+00 0.000000000000000000e+00 1.000000000000000000e+00
0.000000000000000000e+00 1.256243931518513102e-01 8.743756068481487453e-01
0.000000000000000000e+00 1.791732082693830719e-01 8.208267917306169004e-01
0.000000000000000000e+00 2.065921790294232563e-01 7.934078209705768270e-01
0.000000000000000000e+00 2.315001746466830157e-01 7.684998253533170676e-01
0.000000000000000000e+00 3.048480392475875767e-01 6.951519607524127009e-01
0.000000000000000000e+00 3.580232564176671350e-01 6.419767435823330315e-01
0.000000000000000000e+00 3.949422173916404266e-01 6.050577826083597399e-01
0.000000000000000000e+00 4.113345025524209886e-01 5.886654974475792335e-01
0.000000000000000000e+00 4.463638393050476938e-01 5.536361606949525838e-01
0.000000000000000000e+00 4.594842019752682361e-01 5.405157980247321525e-01
0.000000000000000000e+00 5.132950270826698302e-01 4.867049729173305028e-01
0.000000000000000000e+00 6.107809220104154502e-01 3.892190779895846053e-01
0.000000000000000000e+00 7.549807016905156765e-01 2.450192983094843235e-01
0.000000000000000000e+00 8.264690885813725796e-01 1.735309114186275314e-01
0.000000000000000000e+00 9.098070833067080088e-01 9.019291669329185246e-02
0.000000000000000000e+00 9.483140030950106825e-01 5.168599690498915794e-02
0.000000000000000000e+00 9.794728450062486491e-01 2.052715499375134048e-02
0.000000000000000000e+00 1.000000000000000000e+00 0.000000000000000000e+00
7.888859153820781955e-02 0.000000000000000000e+00 9.211114084617920694e-01
5.395520861606327434e-02 8.825099129213684335e-02 8.577938000917998407e-01
5.896281432234403569e-02 1.508360532199209958e-01 7.902011324577349338e-01
4.661781716676226262e-02 2.101503312512800203e-01 7.432318515819578142e-01
6.213541174638894521e-02 2.511631467821704988e-01 6.867014414714408543e-01
3.651712386135659572e-02 2.886698190300381883e-01 6.748130571086055074e-01
4.793454487285098847e-02 3.520832464959608998e-01 5.999822086311881186e-01
6.933593509483262918e-02 3.836496558941729917e-01 5.470144090109945179e-01
6.009650841512795272e-02 4.143758115984293444e-01 5.255276799864427861e-01
7.140542193414085859e-02 4.866745914567378040e-01 4.419199866091215734e-01
3.562878199300065218e-02 5.034984106445528074e-01 4.608728073624468458e-01
5.325594251622641634e-02 5.791940344637898086e-01 3.675500230199838514e-01
3.821110884353612347e-02 6.790513688189248054e-01 2.827375223375392932e-01
7.349736356174453589e-02 7.154014261688508292e-01 2.111012102694045656e-01
2.349022948089703883e-02 8.379623910451698965e-01 1.385473794739329190e-01
6.943188132477706720e-02 8.533416060909330136e-01 7.722651258429015508e-02
3.348138273046134122e-02 9.368983098696217482e-01 2.962030739991690365e-02
1.935856074065702218e-02 9.806414392593429952e-01 0.000000000000000000e+00
1.388865347869621125e-01 0.000000000000000000e+00 8.611134652130378875e-01
1.183806948171250706e-01 9.294493526780095438e-02 7.886743699150742248e-01
1.340178306962445942e-01 1.141220176459466912e-01 7.518601516578087285e-01
1.213214883844430936e-01 2.022634559934976539e-01 6.764150556220592803e-01
8.263467346185196516e-02 2.575719034492546244e-01 6.597934230888935492e-01
9.344079230829309413e-02 2.935141509906108448e-01 6.130450567010962137e-01
1.118947833907791012e-01 3.330759546031804019e-01 5.550292620060406357e-01
1.052907278874655878e-01 3.836424802553880520e-01 5.110667918571465407e-01
8.596872561311616479e-02 4.716668217275965524e-01 4.423644526592874771e-01
1.002578510834748471e-01 4.974433622074080907e-01 4.022987867091170622e-01
1.096793049309564005e-01 5.583283524685856980e-01 3.319923426004579015e-01
1.238533700471216858e-01 5.981273909548139311e-01 2.780192389980644108e-01
1.028710774706037140e-01 6.810658755229798134e-01 2.160630470064165143e-01
1.444071143781112676e-01 7.363688050701431287e-01 1.192240805517457702e-01
1.220028007332183972e-01 8.053732145596916858e-01 7.262398470709037490e-02
9.765179384979813526e-02 8.602353409414362773e-01 4.211286520876597606e-02
1.075701838083054640e-01 8.924298161916949246e-01 0.000000000000000000e+00
1.668900569013877788e-01 0.000000000000000000e+00 8.331099430986123044e-01
1.841522909397175500e-01 6.287709427882129387e-02 7.529706147814611006e-01
1.775613813903515747e-01 1.165717580558977978e-01 7.058668605537505858e-01
1.564551668579750032e-01 1.856550706939565365e-01 6.578897624480685158e-01
1.533907924718829474e-01 2.350604277288456667e-01 6.115487797992714691e-01
1.663126429966063080e-01 2.659489691634989716e-01 5.677383878398948314e-01
1.501375489564802101e-01 3.241757771621757156e-01 5.256866738813441575e-01
1.732814695301183316e-01 4.019349264504600283e-01 4.247836040194217788e-01
1.126936512978618798e-01 4.703228086951039000e-01 4.169835400070343034e-01
1.153785971962355827e-01 5.428468757383178023e-01 3.417745270654465872e-01
1.431885179969596134e-01 5.470532466212014722e-01 3.097582353818391643e-01
1.542593384686355429e-01 6.268415877161130911e-01 2.188990738152515880e-01
1.462864171272404423e-01 6.887960349471384802e-01 1.649175479256213550e-01
1.817231395261061921e-01 7.303685793899540313e-01 8.790828108394020679e-02
1.303293921895714302e-01 8.259646498501125311e-01 4.370595796031637170e-02
1.173815678781966326e-01 8.826184321218037976e-01 0.000000000000000000e+00
2.181827847058166181e-01 0.000000000000000000e+00 7.818172152941833541e-01
2.493834318910048142e-01 3.220455779513216321e-02 7.184120103138629254e-01
2.586305274989152414e-01 7.169651254124968787e-02 6.696729599598348903e-01
2.351005673790550199e-01 1.680962735301297362e-01 5.968031590908151607e-01
2.053054913346992194e-01 2.421767817254002475e-01 5.525177269399006441e-01
2.100922282876146741e-01 2.606850540487453127e-01 5.292227176636401520e-01
2.562354517783472230e-01 2.990349513664976033e-01 4.447295968551552292e-01
2.372835810273069002e-01 3.765836933748659687e-01 3.861327255978273532e-01
1.920521068026448397e-01 4.536546424290671675e-01 3.542932507682881038e-01
1.768208027393389781e-01 5.045255943564838086e-01 3.186536029041773799e-01
2.039692573013052179e-01 5.301048104973175024e-01 2.659259322013773907e-01
2.189580125454390069e-01 6.039277911253351228e-01 1.771141963292257593e-01
2.087355733110166367e-01 6.684686612713736098e-01 1.227957654176097674e-01
2.080150828627964077e-01 7.571904422449358130e-01 3.479447489226827200e-02
2.009835669768546274e-01 7.990164330231457335e-01 0.000000000000000000e+00
2.666823755820236785e-01 0.000000000000000000e+00 7.333176244179763215e-01
2.939207373847358418e-01 4.240386757583562011e-02 6.636753950394284063e-01
2.788122998777202155e-01 1.000948330357266103e-01 6.210928670865530909e-01
2.896686704344245133e-01 1.637614643432404316e-01 5.465698652223349718e-01
2.617093627806197920e-01 2.048208035547298134e-01 5.334698336646503947e-01
2.926322979319443962e-01 2.588620944655467548e-01 4.485056076025089045e-01
3.031100841075187180e-01 3.236095577982768257e-01 3.732803580942047894e-01
2.868557076910458470e-01 3.669713322236119457e-01 3.461729600853422628e-01
2.242244721466983282e-01 4.478424750210415750e-01 3.279330528322602634e-01
2.345434822603571223e-01 4.918330980931827634e-01 2.736234196464604196e-01
2.611683111908441601e-01 5.493510419586294935e-01 1.894806468505264851e-01
2.839309768065326200e-01 5.916535118826324879e-01 1.244155113108347394e-01
2.763530610762549578e-01 6.550407419290805722e-01 6.860619699466460886e-02
2.274482928648365598e-01 7.725517071351639675e-01 0.000000000000000000e+00
3.388423057309077335e-01 0.000000000000000000e+00 6.611576942690922110e-01
2.925235005884156969e-01 7.140596466944247600e-02 6.360705347421418132e-01
3.266530074926269345e-01 1.408481423542515543e-01 5.324988501531214835e-01
3.191100200446562174e-01 2.052585906726641096e-01 4.756313892826798395e-01
3.453774393290958145e-01 2.338123015771229607e-01 4.208102590937814469e-01
3.233545187518227504e-01 2.852639990981316598e-01 3.913814821500457564e-01
3.343545844931557487e-01 3.217468584838911738e-01 3.438985570229532440e-01
3.296662257718556699e-01 4.074006703340262159e-01 2.629331038941183918e-01
3.443319992004931773e-01 4.369172110595596070e-01 2.187507897399474099e-01
3.119299214614551508e-01 4.972556822001580890e-01 1.908143963383867880e-01
3.168000566190724565e-01 5.491692191084238672e-01 1.340307242725038428e-01
3.043194804725519176e-01 6.068541687141792984e-01 8.882635081326875626e-02
3.319859656991003827e-01 6.680140343009001169e-01 0.000000000000000000e+00
4.479420707834781967e-01 0.000000000000000000e+00 5.520579292165219698e-01
3.885339113549199919e-01 8.399690862755743170e-02 5.274691800175227430e-01
3.710853601923703726e-01 1.479259488459435945e-01 4.809886909616860606e-01
4.193024719368227959e-01 1.452887677218495932e-01 4.354087603413275831e-01
3.548102385450504492e-01 2.355880273723541807e-01 4.096017340825955921e-01
3.775647386865311761e-01 2.875296345767712758e-01 3.349056267366977147e-01
4.076770239386231509e-01 3.555866188531698335e-01 2.367363572082074041e-01
3.828610682216748717e-01 4.127838247589998844e-01 2.043551070193255492e-01
3.960130493218406711e-01 4.495171992779405379e-01 1.544697514002190131e-01
3.526543277351741335e-01 5.256644603558742190e-01 1.216812119089517585e-01
3.774125224423400260e-01 5.519318902994264642e-01 7.065558725823353758e-02
3.750909068282267667e-01 6.249090931717735664e-01 0.000000000000000000e+00
4.759704225299387081e-01 0.000000000000000000e+00 5.240295774700612919e-01
4.420909537264811062e-01 7.001839429070189080e-02 4.878906519828171695e-01
4.561222819501295489e-01 1.029405007544650641e-01 4.409372172954053593e-01
4.349242426776462889e-01 1.595019478177066297e-01 4.055738095046469982e-01
4.338468717110783301e-01 2.434780919132175925e-01 3.226750363757044382e-01
4.338518501751863488e-01 3.121607408022602503e-01 2.539874090225536785e-01
4.283023784928726707e-01 3.626430565559197738e-01 2.090545649512078608e-01
4.584608838827367028e-01 3.904946370526856114e-01 1.510444790645779356e-01
4.395503717181813430e-01 4.502178557623519040e-01 1.102317725194670167e-01
4.775453476421404053e-01 5.027821583652457571e-01 1.967249399261393125e-02
4.616729263255665017e-01 5.383270736744336649e-01 0.000000000000000000e+00
5.560174706994029936e-01 0.000000000000000000e+00 4.439825293005973395e-01
5.135777161014698500e-01 7.053761728748056403e-02 4.158846666110496693e-01
4.631581135126761617e-01 1.395473064043998845e-01 3.972945800829239538e-01
5.136641977016822569e-01 1.863071947835628073e-01 3.000286075147552967e-01
5.002025771053452141e-01 2.150964233184787522e-01 2.847009995761762835e-01
5.029646586989959811e-01 2.930620087956078423e-01 2.039733325053964541e-01
4.601049783189087306e-01 3.727877300005237871e-01 1.671072916805678710e-01
4.796569322696669913e-01 4.090201171404422853e-01 1.113229505898909732e-01
5.058968237010614821e-01 4.226865114323559713e-01 7.141666486658274082e-02
5.154060016653124743e-01 4.845939983346875257e-01 0.000000000000000000e+00
6.005816677503068579e-01 0.000000000000000000e+00 3.994183322496935862e-01
5.614116280901048084e-01 6.199153546603212994e-02 3.765968364438634364e-01
5.921495065924178292e-01 7.895902203889156035e-02 3.288914713686906799e-01
5.731711263266704437e-01 1.517041728682833046e-01 2.751247008050465293e-01
5.813312569477508962e-01 2.308505591136969515e-01 1.878181839385524299e-01
5.578952928681942813e-01 3.202724224907358419e-01 1.218322846410701543e-01
5.176196365112499809e-01 3.747914702441185741e-01 1.075888932446317364e-01
5.874971955972578819e-01 3.892222479060423734e-01 2.328055649669988000e-02
5.689955389420304765e-01 4.310044610579696345e-01 0.000000000000000000e+00
6.373454651847670904e-01 0.000000000000000000e+00 3.626545348152331871e-01
6.701034523362645601e-01 2.616097304236018189e-02 3.037355746213755148e-01
6.232315040461315903e-01 1.119714217651158888e-01 2.647970741887528678e-01
6.064437496279302398e-01 1.859618357406727651e-01 2.075944146313971062e-01
6.014647810313195064e-01 2.333602594347402026e-01 1.651749595339403465e-01
6.076626006644011424e-01 3.125168896720845191e-01 7.982050966351435239e-02
5.902470467233771334e-01 3.620603871695614595e-01 4.769256610706151117e-02
6.273580470862880620e-01 3.726419529137120490e-01 0.000000000000000000e+00
6.869690727310155953e-01 0.000000000000000000e+00 3.130309272689846267e-01
6.863400374880510579e-01 4.418069228333793008e-02 2.694792702286113451e-01
6.329807590331275602e-01 1.469969868040233996e-01 2.200222541628492345e-01
6.217522649664922740e-01 2.341414724222350419e-01 1.441062626112728506e-01
6.501332123682947994e-01 2.661343987893808327e-01 8.373238884232443724e-02
6.628179883210132406e-01 3.040333367690997157e-01 3.314867490988690490e-02
6.729932160434267674e-01 3.270067839565732326e-01 0.000000000000000000e+00
7.682396803733619883e-01 0.000000000000000000e+00 2.317603196266382060e-01
7.614916302914920276e-01 3.342230879426357631e-02 2.050860609142445279e-01
7.594734599616831394e-01 1.221189718320744577e-01 1.184075682062427359e-01
7.213115151369542399e-01 1.692570370343123853e-01 1.094314478287334719e-01
7.257987799713271349e-01 2.238545949105376354e-01 5.034662511813517427e-02
6.935503195382302088e-01 3.064496804617697356e-01 0.000000000000000000e+00
8.234254276704171538e-01 0.000000000000000000e+00 1.765745723295828740e-01
8.204060251500435719e-01 2.434976237253140205e-02 1.552442124774250087e-01
8.115307389344492695e-01 8.978833613152284454e-02 9.868092493402789989e-02
7.741500180532528974e-01 1.662861811918787125e-01 5.956380075486854275e-02
8.455726457517255268e-01 1.544273542482747508e-01 0.000000000000000000e+00
8.387205395063135338e-01 0.000000000000000000e+00 1.612794604936864662e-01
8.369452271282260547e-01 5.330293260051485044e-02 1.097518402712593100e-01
8.792780637204735683e-01 7.165350668531117462e-02 4.906842959421541667e-02
9.163115073279468614e-01 8.368849267205366593e-02 0.000000000000000000e+00
9.437554156876283296e-01 0.000000000000000000e+00 5.624458431237160105e-02
9.140807087377633700e-01 3.923498274082944798e-02 4.668430852140734860e-02
9.374676498209848496e-01 6.253235017901524750e-02 0.000000000000000000e+00
9.792387462859747371e-01 0.000000000000000000e+00 2.076125371402530451e-02
9.589681493208978003e-01 4.103185067910236627e-02 0.000000000000000000e+00
1.000000000000000000e+00 0.000000000000000000e+00 0.000000000000000000e+00
