0.000000000000000000e+00 0.000000000000000000e+00 1.000000000000000000e+00
0.000000000000000000e+00 1.112035697238975274e-01 8.887964302761024449e-01
0.000000000000000000e+00 2.407520249419962954e-01 7.592479750580037878e-01
0.000000000000000000e+00 3.120119396703081027e-01 6.879880603296920638e-01
0.000000000000000000e+00 4.935415703438027490e-01 5.064584296561973620e-01
0.000000000000000000e+00 5.836458219867955988e-01 4.163541780132043457e-01
0.000000000000000000e+00 6.650986891308399152e-01 3.349013108691598628e-01
0.000000000000000000e+00 9.284884133465587386e-01 7.151158665344134469e-02
0.000000000000000000e+00 1.000000000000000000e+00 0.000000000000000000e+00
2.137615167580624587e-01 0.000000000000000000e+00 7.862384832419375691e-01
1.482683682992715912e-01 1.100781410214952682e-01 7.416534906792331405e-01
1.985635329556981743e-01 2.279053406636130097e-01 5.735311263806888160e-01
1.397456386589204513e-01 4.042670122028954038e-01 4.559873491381843391e-01
8.974159068846904175e-02 4.945999933282117511e-01 4.156584159833190961e-01
1.745472685621044240e-01 5.966523269580249478e-01 2.288004044798707115e-01
1.171520947270028173e-01 8.112172873378289406e-01 7.163061793516829756e-02
1.353606232014664679e-01 8.646393767985336432e-01 0.000000000000000000e+00
3.146670290553559290e-01 0.000000000000000000e+00 6.853329709446440710e-01
3.271324509466764785e-01 1.090926595350612260e-01 5.637748895182622677e-01
2.757430490199100914e-01 2.517946362001478589e-01 4.724623147799422163e-01
3.342909177310209867e-01 3.287909772816532961e-01 3.369181049873256062e-01
3.248578544213852615e-01 4.953651488185849550e-01 1.797769967600298946e-01
2.215007145444727321e-01 6.609276785621422956e-01 1.175716068933850278e-01
3.564362590445558365e-01 6.435637409554441080e-01 0.000000000000000000e+00
4.273711834508659435e-01 0.000000000000000000e+00 5.726288165491340010e-01
3.724648785289916830e-01 1.591991466862733018e-01 4.683359747847351540e-01
3.380878225240172563e-01 2.795188337858847127e-01 3.823933436900980309e-01
4.390958276759653889e-01 3.230385740831684394e-01 2.378655982408662273e-01
3.883986367042129295e-01 4.931853558020797834e-01 1.184160074937073842e-01
3.975490470023057554e-01 6.024509529976942446e-01 0.000000000000000000e+00
4.816711571409625359e-01 0.000000000000000000e+00 5.183288428590373531e-01
4.167460004406219332e-01 1.513163294711094287e-01 4.319376700882686659e-01
4.493803741139718033e-01 2.546608781326121229e-01 2.959587477534161293e-01
5.160631129184503063e-01 3.511151877749227879e-01 1.328216993066272111e-01
5.797608746365436883e-01 4.202391253634566448e-01 0.000000000000000000e+00
6.217053407213342098e-01 0.000000000000000000e+00 3.782946592786656792e-01
7.371675814197788945e-01 7.362065888299297589e-02 1.892117596972283100e-01
6.589664142553453008e-01 1.605447531959437180e-01 1.804888325487110923e-01
7.030948942600769858e-01 2.969051057399229032e-01 0.000000000000000000e+00
8.627024372762375215e-01 0.000000000000000000e+00 1.372975627237624230e-01
7.607770013259296249e-01 9.093375924429226986e-02 1.482892394297783689e-01
7.631696486338886976e-01 2.368303513661112192e-01 0.000000000000000000e+00
9.049654419787163118e-01 0.000000000000000000e+00 9.503455802128357721e-02
9.686499421339256344e-01 3.135005786607431705e-02 0.000000000000000000e+00
1.000000000000000000e+00 0.000000000000000000e+00 0.000000000000000000e+00
