0.000000000000000000e+00 0.000000000000000000e+00 1.000000000000000000e+00
0.000000000000000000e+00 1.330364310825942753e-01 8.669635689174056692e-01
0.000000000000000000e+00 2.647718803724724568e-01 7.352281196275276542e-01
0.000000000000000000e+00 3.343609953178175442e-01 6.656390046821825113e-01
0.000000000000000000e+00 5.665812114615751405e-01 4.334187885384247485e-01
0.000000000000000000e+00 6.436440496284416835e-01 3.563559503715583721e-01
0.000000000000000000e+00 6.903767921775494365e-01 3.096232078224505635e-01
0.000000000000000000e+00 8.807558973654757706e-01 1.192441026345243960e-01
0.000000000000000000e+00 1.000000000000000000e+00 0.000000000000000000e+00
5.268316259110815414e-02 0.000000000000000000e+00 9.473168374088916099e-01
1.580329671748646192e-01 1.038232508077030075e-01 7.381437820174324704e-01
1.423253028438369872e-01 1.987468457983635195e-01 6.589278513577995211e-01
1.564417778090939903e-01 3.246687557142370339e-01 5.188894664766688924e-01
7.021527420699129329e-02 5.646520200580500415e-01 3.651327057349585958e-01
9.627126377771004495e-02 6.808411439099116835e-01 2.228875923123781466e-01
1.680775972925034889e-01 7.373504190920574519e-01 9.457198361543896203e-02
1.054740727862089056e-01 8.945259272137910944e-01 0.000000000000000000e+00
2.649433156819049340e-01 0.000000000000000000e+00 7.350566843180952326e-01
2.122128761804552288e-01 9.817362626664373482e-02 6.896134975529010225e-01
2.476736279058837920e-01 2.486385645024715429e-01 5.036878075916446651e-01
2.511824994782453357e-01 4.121161773246102555e-01 3.367013231971442977e-01
2.499706867635348717e-01 4.835602828341263870e-01 2.664690304023387690e-01
2.419485467079331986e-01 6.277486990137252088e-01 1.303027542783413428e-01
2.008939118996288242e-01 7.991060881003710925e-01 0.000000000000000000e+00
3.511237936055876530e-01 0.000000000000000000e+00 6.488762063944123470e-01
3.421244161853126964e-01 8.352619803190174108e-02 5.743493857827854931e-01
3.092740762214928329e-01 2.730342330063761924e-01 4.176916907721308636e-01
3.652983075663873702e-01 3.559819937047269400e-01 2.787196987288855787e-01
3.673874000371086801e-01 5.203686090530762476e-01 1.122439909098147948e-01
3.672835389035571385e-01 6.327164610964430835e-01 0.000000000000000000e+00
4.637072885804599531e-01 0.000000000000000000e+00 5.362927114195400469e-01
5.015581915846254457e-01 1.163749946580110856e-01 3.820668137573635104e-01
5.061913667027242436e-01 2.409403542479573446e-01 2.528682790493185784e-01
5.015353594750999733e-01 3.708981025940711884e-01 1.275665379308289493e-01
4.669342872831183655e-01 5.330657127168816345e-01 0.000000000000000000e+00
6.013620737128858584e-01 0.000000000000000000e+00 3.986379262871140861e-01
5.971639514313505925e-01 1.341351467443380185e-01 2.687009018243114444e-01
5.852750361675905788e-01 2.659116313118998209e-01 1.488133325205097113e-01
5.927611015327055588e-01 4.072388984672944412e-01 0.000000000000000000e+00
6.790127842783206802e-01 0.000000000000000000e+00 3.209872157216790978e-01
7.508389654714506811e-01 1.146445070849439751e-01 1.345165274436053438e-01
6.910020734765079942e-01 3.089979265234919503e-01 0.000000000000000000e+00
8.373383772767322153e-01 0.000000000000000000e+00 1.626616227232676182e-01
9.185084307150722660e-01 8.149156928492770624e-02 0.000000000000000000e+00
1.000000000000000000e+00 0.000000000000000000e+00 0.000000000000000000e+00
