0.000000000000000000e+00 0.000000000000000000e+00 1.000000000000000000e+00
0.000000000000000000e+00 1.521989553588037614e-01 8.478010446411962109e-01
0.000000000000000000e+00 3.038183935211022924e-01 6.961816064788978187e-01
0.000000000000000000e+00 4.147619441963259490e-01 5.852380558036739400e-01
0.000000000000000000e+00 5.066355837267619844e-01 4.933644162732381266e-01
0.000000000000000000e+00 6.376151607219199269e-01 3.623848392780799621e-01
0.000000000000000000e+00 7.280917187615382202e-01 2.719082812384617798e-01
0.000000000000000000e+00 8.217907133795220309e-01 1.782092866204778303e-01
0.000000000000000000e+00 1.000000000000000000e+00 0.000000000000000000e+00
9.784678028945911765e-02 0.000000000000000000e+00 9.021532197105408546e-01
1.477756015970479730e-01 1.004562122371014665e-01 7.517681861658506159e-01
1.488215593474006559e-01 2.454319960469285022e-01 6.057464446056707308e-01
1.342586318393479139e-01 3.789239052788431761e-01 4.868174628818088268e-01
1.546720124197155377e-01 4.762922324558759857e-01 3.690357551244083933e-01
1.436615085686612781e-01 6.159360421993187451e-01 2.404024492320199491e-01
8.642704273796279757e-02 7.752077391429874620e-01 1.383652181190500041e-01
8.303681064722980010e-02 9.169631893527702138e-01 0.000000000000000000e+00
2.702828396272900502e-01 0.000000000000000000e+00 7.297171603727099498e-01
2.219523100929574611e-01 1.432307104734923398e-01 6.348169794335503102e-01
2.421075746951685814e-01 2.492224820448537270e-01 5.086699432599777193e-01
2.946895390950853844e-01 3.423586723734848847e-01 3.629517885314295644e-01
2.477260279078088434e-01 5.246501658211341068e-01 2.276238062710570220e-01
2.500000000000000000e-01 6.250000000000000000e-01 1.250000000000000000e-01
2.882106899878640882e-01 7.117893100121359673e-01 0.000000000000000000e+00
3.799601374763346140e-01 0.000000000000000000e+00 6.200398625236652750e-01
3.641922083377120423e-01 1.290036959236960934e-01 5.068040957385918643e-01
3.875391507702221627e-01 2.398961832192538501e-01 3.725646660105239594e-01
4.035548872987379521e-01 3.398448763941165351e-01 2.566002363071455683e-01
3.693269241514695600e-01 4.965219734906979876e-01 1.341511023578324802e-01
3.961140866231353530e-01 6.038859133768644805e-01 0.000000000000000000e+00
4.764627708435619224e-01 0.000000000000000000e+00 5.235372291564379665e-01
4.916324537324614496e-01 1.282104612881396488e-01 3.801570849793987628e-01
5.004719277975336889e-01 2.289287808103006860e-01 2.705992913921655973e-01
5.022102243702279978e-01 3.422562446495229782e-01 1.555335309802490518e-01
5.019037828177480565e-01 4.980962171822517770e-01 0.000000000000000000e+00
6.417748364222344293e-01 0.000000000000000000e+00 3.582251635777654597e-01
6.421618345696622487e-01 9.541986052084680536e-02 2.624183049094910847e-01
5.941794799758873813e-01 2.541829996185873686e-01 1.516375204055252501e-01
6.632020759401318077e-01 3.367979240598680257e-01 0.000000000000000000e+00
7.536039881780383087e-01 0.000000000000000000e+00 2.463960118219617190e-01
7.543482694699746860e-01 1.428908468655661068e-01 1.027608836644592905e-01
7.781082244059766007e-01 2.218917755940233161e-01 0.000000000000000000e+00
8.590921120545936818e-01 0.000000000000000000e+00 1.409078879454063182e-01
8.941089790528791159e-01 1.058910209471208563e-01 0.000000000000000000e+00
1.000000000000000000e+00 0.000000000000000000e+00 0.000000000000000000e+00
