0.000000000000000000e+00 0.000000000000000000e+00 1.000000000000000000e+00
0.000000000000000000e+00 1.116478638811943674e-01 8.883521361188055909e-01
0.000000000000000000e+00 2.514141290337088552e-01 7.485858709662910337e-01
0.000000000000000000e+00 3.792193852142562993e-01 6.207806147857437562e-01
0.000000000000000000e+00 5.148152229479686648e-01 4.851847770520313352e-01
0.000000000000000000e+00 6.277625210171975390e-01 3.722374789828024055e-01
0.000000000000000000e+00 7.670714160037072071e-01 2.329285839962929594e-01
0.000000000000000000e+00 8.807998259898980331e-01 1.192001740101019530e-01
0.000000000000000000e+00 1.000000000000000000e+00 0.000000000000000000e+00
1.552844740117513278e-01 0.000000000000000000e+00 8.447155259882487277e-01
1.377876096975234055e-01 1.196616987799723059e-01 7.425506915225041915e-01
1.086872846296479678e-01 2.690423175537047240e-01 6.222703978166473915e-01
1.413701253612839881e-01 3.670169442819487537e-01 4.916129303567673969e-01
1.334621776329773246e-01 4.958293471627116533e-01 3.707084752043109388e-01
1.127759574618005800e-01 6.426206746877479725e-01 2.446033678504515030e-01
1.225171714417487429e-01 7.441824618768395627e-01 1.333003666814117361e-01
1.306923741680388884e-01 8.693076258319611949e-01 0.000000000000000000e+00
2.621034918454422380e-01 0.000000000000000000e+00 7.378965081545578730e-01
2.581325483421888500e-01 1.261304853977641971e-01 6.157369662600470361e-01
2.316136059392427393e-01 2.472864374275933474e-01 5.210999566331638855e-01
2.469483595609330839e-01 3.738207508434152615e-01 3.792308895956517101e-01
2.572389087802212648e-01 4.955701459756040039e-01 2.471909452441748423e-01
2.811944441409734430e-01 6.094337496152727462e-01 1.093718062437537969e-01
2.567538894185963372e-01 7.432461105814036628e-01 0.000000000000000000e+00
3.795400366181042595e-01 0.000000000000000000e+00 6.204599633818959070e-01
3.754998754405300954e-01 1.226251318664755841e-01 5.018749926929942928e-01
3.695212935655128872e-01 2.351101373029285124e-01 3.953685691315586004e-01
3.824519541840224468e-01 3.797743808779447394e-01 2.377736649380329803e-01
3.788267202971218328e-01 5.083808188873921718e-01 1.127924608154858843e-01
3.681371851206535206e-01 6.318628148793464794e-01 0.000000000000000000e+00
5.013084530589007048e-01 0.000000000000000000e+00 4.986915469410993507e-01
4.967321187810218586e-01 1.223933049764711761e-01 3.808745762425069792e-01
4.995556283939119324e-01 2.458904189197941015e-01 2.545539526862939939e-01
4.928006684992565223e-01 3.858277311129057474e-01 1.213716003878377858e-01
4.864698837164352918e-01 5.135301162835647082e-01 0.000000000000000000e+00
6.162867065183216253e-01 0.000000000000000000e+00 3.837132934816784857e-01
6.349768206983702479e-01 1.235432083739644860e-01 2.414799709276652662e-01
6.147981554424235551e-01 2.585685339716970454e-01 1.266333105858793995e-01
6.239693454110749604e-01 3.760306545889250396e-01 0.000000000000000000e+00
7.494876826781564638e-01 0.000000000000000000e+00 2.505123173218435917e-01
7.522269229501035159e-01 1.200922561935254124e-01 1.276808208563710856e-01
7.319848760265056375e-01 2.680151239734944180e-01 0.000000000000000000e+00
8.770188784480720257e-01 0.000000000000000000e+00 1.229811215519278772e-01
8.804914139702814113e-01 1.195085860297185471e-01 0.000000000000000000e+00
1.000000000000000000e+00 0.000000000000000000e+00 0.000000000000000000e+00
