1.710556731649542916e-02 1.710556731649542916e-02 9.657888653670092527e-01
1.710556731649542916e-02 1.033495035029057540e-01 8.795449291805987890e-01
1.710556731649542916e-02 1.895934396893161067e-01 7.933009929941885474e-01
1.710556731649542916e-02 2.758373758757264316e-01 7.070570568077781948e-01
1.710556731649542916e-02 3.620813120621367842e-01 6.208131206213678421e-01
1.710556731649542916e-02 4.483252482485471369e-01 5.345691844349573785e-01
1.710556731649542916e-02 5.345691844349573785e-01 4.483252482485471369e-01
1.710556731649542916e-02 6.208131206213678421e-01 3.620813120621367842e-01
1.710556731649542916e-02 7.070570568077781948e-01 2.758373758757264316e-01
1.710556731649542916e-02 7.933009929941885474e-01 1.895934396893161067e-01
1.710556731649542916e-02 8.795449291805987890e-01 1.033495035029057540e-01
1.710556731649542916e-02 9.657888653670092527e-01 1.710556731649542916e-02
1.033495035029057540e-01 1.710556731649542916e-02 8.795449291805987890e-01
1.033495035029057540e-01 1.033495035029057540e-01 7.933009929941885474e-01
1.033495035029057540e-01 1.895934396893161067e-01 7.070570568077781948e-01
1.033495035029057540e-01 2.758373758757264316e-01 6.208131206213678421e-01
1.033495035029057540e-01 3.620813120621367842e-01 5.345691844349573785e-01
1.033495035029057540e-01 4.483252482485471369e-01 4.483252482485471369e-01
1.033495035029057540e-01 5.345691844349573785e-01 3.620813120621367842e-01
1.033495035029057540e-01 6.208131206213678421e-01 2.758373758757264316e-01
1.033495035029057540e-01 7.070570568077781948e-01 1.895934396893161067e-01
1.033495035029057540e-01 7.933009929941885474e-01 1.033495035029057540e-01
1.033495035029057540e-01 8.795449291805987890e-01 1.710556731649542916e-02
1.895934396893161067e-01 1.710556731649542916e-02 7.933009929941885474e-01
1.895934396893161067e-01 1.033495035029057540e-01 7.070570568077781948e-01
1.895934396893161067e-01 1.895934396893161067e-01 6.208131206213678421e-01
1.895934396893161067e-01 2.758373758757264316e-01 5.345691844349573785e-01
1.895934396893161067e-01 3.620813120621367842e-01 4.483252482485471369e-01
1.895934396893161067e-01 4.483252482485471369e-01 3.620813120621367842e-01
1.895934396893161067e-01 5.345691844349573785e-01 2.758373758757264316e-01
1.895934396893161067e-01 6.208131206213678421e-01 1.895934396893161067e-01
1.895934396893161067e-01 7.070570568077781948e-01 1.033495035029057540e-01
1.895934396893161067e-01 7.933009929941885474e-01 1.710556731649542916e-02
2.758373758757264316e-01 1.710556731649542916e-02 7.070570568077781948e-01
2.758373758757264316e-01 1.033495035029057540e-01 6.208131206213678421e-01
2.758373758757264316e-01 1.895934396893161067e-01 5.345691844349573785e-01
2.758373758757264316e-01 2.758373758757264316e-01 4.483252482485471369e-01
2.758373758757264316e-01 3.620813120621367842e-01 3.620813120621367842e-01
2.758373758757264316e-01 4.483252482485471369e-01 2.758373758757264316e-01
2.758373758757264316e-01 5.345691844349573785e-01 1.895934396893161067e-01
2.758373758757264316e-01 6.208131206213678421e-01 1.033495035029057540e-01
2.758373758757264316e-01 7.070570568077781948e-01 1.710556731649542916e-02
3.620813120621367842e-01 1.710556731649542916e-02 6.208131206213678421e-01
3.620813120621367842e-01 1.033495035029057540e-01 5.345691844349573785e-01
3.620813120621367842e-01 1.895934396893161067e-01 4.483252482485471369e-01
3.620813120621367842e-01 2.758373758757264316e-01 3.620813120621367842e-01
3.620813120621367842e-01 3.620813120621367842e-01 2.758373758757264316e-01
3.620813120621367842e-01 4.483252482485471369e-01 1.895934396893161067e-01
3.620813120621367842e-01 5.345691844349573785e-01 1.033495035029057540e-01
3.620813120621367842e-01 6.208131206213678421e-01 1.710556731649542916e-02
4.483252482485471369e-01 1.710556731649542916e-02 5.345691844349573785e-01
4.483252482485471369e-01 1.033495035029057540e-01 4.483252482485471369e-01
4.483252482485471369e-01 1.895934396893161067e-01 3.620813120621367842e-01
4.483252482485471369e-01 2.758373758757264316e-01 2.758373758757264316e-01
4.483252482485471369e-01 3.620813120621367842e-01 1.895934396893161067e-01
4.483252482485471369e-01 4.483252482485471369e-01 1.033495035029057540e-01
4.483252482485471369e-01 5.345691844349573785e-01 1.710556731649542916e-02
5.345691844349573785e-01 1.710556731649542916e-02 4.483252482485471369e-01
5.345691844349573785e-01 1.033495035029057540e-01 3.620813120621367842e-01
5.345691844349573785e-01 1.895934396893161067e-01 2.758373758757264316e-01
5.345691844349573785e-01 2.758373758757264316e-01 1.895934396893161067e-01
5.345691844349573785e-01 3.620813120621367842e-01 1.033495035029057540e-01
5.345691844349573785e-01 4.483252482485471369e-01 1.710556731649542916e-02
6.208131206213678421e-01 1.710556731649542916e-02 3.620813120621367842e-01
6.208131206213678421e-01 1.033495035029057540e-01 2.758373758757264316e-01
6.208131206213678421e-01 1.895934396893161067e-01 1.895934396893161067e-01
6.208131206213678421e-01 2.758373758757264316e-01 1.033495035029057540e-01
6.208131206213678421e-01 3.620813120621367842e-01 1.710556731649542916e-02
7.070570568077781948e-01 1.710556731649542916e-02 2.758373758757264316e-01
7.070570568077781948e-01 1.033495035029057540e-01 1.895934396893161067e-01
7.070570568077781948e-01 1.895934396893161067e-01 1.033495035029057540e-01
7.070570568077781948e-01 2.758373758757264316e-01 1.710556731649542916e-02
7.933009929941885474e-01 1.710556731649542916e-02 1.895934396893161067e-01
7.933009929941885474e-01 1.033495035029057540e-01 1.033495035029057540e-01
7.933009929941885474e-01 1.895934396893161067e-01 1.710556731649542916e-02
8.795449291805987890e-01 1.710556731649542916e-02 1.033495035029057540e-01
8.795449291805987890e-01 1.033495035029057540e-01 1.710556731649542916e-02
9.657888653670092527e-01 1.710556731649542916e-02 1.710556731649542916e-02
