7.513444358617221708e-02 7.513444358617221708e-02 8.497311128276556769e-01
7.513444358617221708e-02 1.455523226081252286e-01 7.793132338057024988e-01
7.513444358617221708e-02 2.159702016300782679e-01 7.088953547837495428e-01
7.513444358617221708e-02 2.863880806520313071e-01 6.384774757617965868e-01
7.513444358617221708e-02 3.568059596739843742e-01 5.680595967398434087e-01
7.513444358617221708e-02 4.272238386959373857e-01 4.976417177178903972e-01
7.513444358617221708e-02 4.976417177178903972e-01 4.272238386959373857e-01
7.513444358617221708e-02 5.680595967398434087e-01 3.568059596739843742e-01
7.513444358617221708e-02 6.384774757617965868e-01 2.863880806520313071e-01
7.513444358617221708e-02 7.088953547837495428e-01 2.159702016300782679e-01
7.513444358617221708e-02 7.793132338057024988e-01 1.455523226081252286e-01
7.513444358617221708e-02 8.497311128276556769e-01 7.513444358617221708e-02
1.455523226081252286e-01 7.513444358617221708e-02 7.793132338057024988e-01
1.455523226081252286e-01 1.455523226081252286e-01 7.088953547837495428e-01
1.455523226081252286e-01 2.159702016300782679e-01 6.384774757617965868e-01
1.455523226081252286e-01 2.863880806520313071e-01 5.680595967398434087e-01
1.455523226081252286e-01 3.568059596739843742e-01 4.976417177178903972e-01
1.455523226081252286e-01 4.272238386959373857e-01 4.272238386959373857e-01
1.455523226081252286e-01 4.976417177178903972e-01 3.568059596739843742e-01
1.455523226081252286e-01 5.680595967398434087e-01 2.863880806520313071e-01
1.455523226081252286e-01 6.384774757617965868e-01 2.159702016300782679e-01
1.455523226081252286e-01 7.088953547837495428e-01 1.455523226081252286e-01
1.455523226081252286e-01 7.793132338057024988e-01 7.513444358617221708e-02
2.159702016300782679e-01 7.513444358617221708e-02 7.088953547837495428e-01
2.159702016300782679e-01 1.455523226081252286e-01 6.384774757617965868e-01
2.159702016300782679e-01 2.159702016300782679e-01 5.680595967398434087e-01
2.159702016300782679e-01 2.863880806520313071e-01 4.976417177178903972e-01
2.159702016300782679e-01 3.568059596739843742e-01 4.272238386959373857e-01
2.159702016300782679e-01 4.272238386959373857e-01 3.568059596739843742e-01
2.159702016300782679e-01 4.976417177178903972e-01 2.863880806520313071e-01
2.159702016300782679e-01 5.680595967398434087e-01 2.159702016300782679e-01
2.159702016300782679e-01 6.384774757617965868e-01 1.455523226081252286e-01
2.159702016300782679e-01 7.088953547837495428e-01 7.513444358617221708e-02
2.863880806520313071e-01 7.513444358617221708e-02 6.384774757617965868e-01
2.863880806520313071e-01 1.455523226081252286e-01 5.680595967398434087e-01
2.863880806520313071e-01 2.159702016300782679e-01 4.976417177178903972e-01
2.863880806520313071e-01 2.863880806520313071e-01 4.272238386959373857e-01
2.863880806520313071e-01 3.568059596739843742e-01 3.568059596739843742e-01
2.863880806520313071e-01 4.272238386959373857e-01 2.863880806520313071e-01
2.863880806520313071e-01 4.976417177178903972e-01 2.159702016300782679e-01
2.863880806520313071e-01 5.680595967398434087e-01 1.455523226081252286e-01
2.863880806520313071e-01 6.384774757617965868e-01 7.513444358617221708e-02
3.568059596739843742e-01 7.513444358617221708e-02 5.680595967398434087e-01
3.568059596739843742e-01 1.455523226081252286e-01 4.976417177178903972e-01
3.568059596739843742e-01 2.159702016300782679e-01 4.272238386959373857e-01
3.568059596739843742e-01 2.863880806520313071e-01 3.568059596739843742e-01
3.568059596739843742e-01 3.568059596739843742e-01 2.863880806520313071e-01
3.568059596739843742e-01 4.272238386959373857e-01 2.159702016300782679e-01
3.568059596739843742e-01 4.976417177178903972e-01 1.455523226081252286e-01
3.568059596739843742e-01 5.680595967398434087e-01 7.513444358617221708e-02
4.272238386959373857e-01 7.513444358617221708e-02 4.976417177178903972e-01
4.272238386959373857e-01 1.455523226081252286e-01 4.272238386959373857e-01
4.272238386959373857e-01 2.159702016300782679e-01 3.568059596739843742e-01
4.272238386959373857e-01 2.863880806520313071e-01 2.863880806520313071e-01
4.272238386959373857e-01 3.568059596739843742e-01 2.159702016300782679e-01
4.272238386959373857e-01 4.272238386959373857e-01 1.455523226081252286e-01
4.272238386959373857e-01 4.976417177178903972e-01 7.513444358617221708e-02
4.976417177178903972e-01 7.513444358617221708e-02 4.272238386959373857e-01
4.976417177178903972e-01 1.455523226081252286e-01 3.568059596739843742e-01
4.976417177178903972e-01 2.159702016300782679e-01 2.863880806520313071e-01
4.976417177178903972e-01 2.863880806520313071e-01 2.159702016300782679e-01
4.976417177178903972e-01 3.568059596739843742e-01 1.455523226081252286e-01
4.976417177178903972e-01 4.272238386959373857e-01 7.513444358617221708e-02
5.680595967398434087e-01 7.513444358617221708e-02 3.568059596739843742e-01
5.680595967398434087e-01 1.455523226081252286e-01 2.863880806520313071e-01
5.680595967398434087e-01 2.159702016300782679e-01 2.159702016300782679e-01
5.680595967398434087e-01 2.863880806520313071e-01 1.455523226081252286e-01
5.680595967398434087e-01 3.568059596739843742e-01 7.513444358617221708e-02
6.384774757617965868e-01 7.513444358617221708e-02 2.863880806520313071e-01
6.384774757617965868e-01 1.455523226081252286e-01 2.159702016300782679e-01
6.384774757617965868e-01 2.159702016300782679e-01 1.455523226081252286e-01
6.384774757617965868e-01 2.863880806520313071e-01 7.513444358617221708e-02
7.088953547837495428e-01 7.513444358617221708e-02 2.159702016300782679e-01
7.088953547837495428e-01 1.455523226081252286e-01 1.455523226081252286e-01
7.088953547837495428e-01 2.159702016300782679e-01 7.513444358617221708e-02
7.793132338057024988e-01 7.513444358617221708e-02 1.455523226081252286e-01
7.793132338057024988e-01 1.455523226081252286e-01 7.513444358617221708e-02
8.497311128276556769e-01 7.513444358617221708e-02 7.513444358617221708e-02
