5.444665782197483095e-02 5.444665782197483095e-02 8.911066843560504491e-01
5.444665782197483095e-02 1.305066602341634907e-01 8.150466819438615396e-01
5.444665782197483095e-02 2.065666626463521782e-01 7.389866795316730741e-01
5.444665782197483095e-02 2.826266650585408380e-01 6.629266771194843866e-01
5.444665782197483095e-02 3.586866674707295810e-01 5.868666747072955880e-01
5.444665782197483095e-02 4.347466698829182130e-01 5.108066722951069005e-01
5.444665782197483095e-02 5.108066722951069005e-01 4.347466698829182130e-01
5.444665782197483095e-02 5.868666747072955880e-01 3.586866674707295810e-01
5.444665782197483095e-02 6.629266771194843866e-01 2.826266650585408380e-01
5.444665782197483095e-02 7.389866795316730741e-01 2.065666626463521782e-01
5.444665782197483095e-02 8.150466819438615396e-01 1.305066602341634907e-01
5.444665782197483095e-02 8.911066843560504491e-01 5.444665782197483095e-02
1.305066602341634907e-01 5.444665782197483095e-02 8.150466819438615396e-01
1.305066602341634907e-01 1.305066602341634907e-01 7.389866795316730741e-01
1.305066602341634907e-01 2.065666626463521782e-01 6.629266771194843866e-01
1.305066602341634907e-01 2.826266650585408380e-01 5.868666747072955880e-01
1.305066602341634907e-01 3.586866674707295810e-01 5.108066722951069005e-01
1.305066602341634907e-01 4.347466698829182130e-01 4.347466698829182130e-01
1.305066602341634907e-01 5.108066722951069005e-01 3.586866674707295810e-01
1.305066602341634907e-01 5.868666747072955880e-01 2.826266650585408380e-01
1.305066602341634907e-01 6.629266771194843866e-01 2.065666626463521782e-01
1.305066602341634907e-01 7.389866795316730741e-01 1.305066602341634907e-01
1.305066602341634907e-01 8.150466819438615396e-01 5.444665782197483095e-02
2.065666626463521782e-01 5.444665782197483095e-02 7.389866795316730741e-01
2.065666626463521782e-01 1.305066602341634907e-01 6.629266771194843866e-01
2.065666626463521782e-01 2.065666626463521782e-01 5.868666747072955880e-01
2.065666626463521782e-01 2.826266650585408380e-01 5.108066722951069005e-01
2.065666626463521782e-01 3.586866674707295810e-01 4.347466698829182130e-01
2.065666626463521782e-01 4.347466698829182130e-01 3.586866674707295810e-01
2.065666626463521782e-01 5.108066722951069005e-01 2.826266650585408380e-01
2.065666626463521782e-01 5.868666747072955880e-01 2.065666626463521782e-01
2.065666626463521782e-01 6.629266771194843866e-01 1.305066602341634907e-01
2.065666626463521782e-01 7.389866795316730741e-01 5.444665782197483095e-02
2.826266650585408380e-01 5.444665782197483095e-02 6.629266771194843866e-01
2.826266650585408380e-01 1.305066602341634907e-01 5.868666747072955880e-01
2.826266650585408380e-01 2.065666626463521782e-01 5.108066722951069005e-01
2.826266650585408380e-01 2.826266650585408380e-01 4.347466698829182130e-01
2.826266650585408380e-01 3.586866674707295810e-01 3.586866674707295810e-01
2.826266650585408380e-01 4.347466698829182130e-01 2.826266650585408380e-01
2.826266650585408380e-01 5.108066722951069005e-01 2.065666626463521782e-01
2.826266650585408380e-01 5.868666747072955880e-01 1.305066602341634907e-01
2.826266650585408380e-01 6.629266771194843866e-01 5.444665782197483095e-02
3.586866674707295810e-01 5.444665782197483095e-02 5.868666747072955880e-01
3.586866674707295810e-01 1.305066602341634907e-01 5.108066722951069005e-01
3.586866674707295810e-01 2.065666626463521782e-01 4.347466698829182130e-01
3.586866674707295810e-01 2.826266650585408380e-01 3.586866674707295810e-01
3.586866674707295810e-01 3.586866674707295810e-01 2.826266650585408380e-01
3.586866674707295810e-01 4.347466698829182130e-01 2.065666626463521782e-01
3.586866674707295810e-01 5.108066722951069005e-01 1.305066602341634907e-01
3.586866674707295810e-01 5.868666747072955880e-01 5.444665782197483095e-02
4.347466698829182130e-01 5.444665782197483095e-02 5.108066722951069005e-01
4.347466698829182130e-01 1.305066602341634907e-01 4.347466698829182130e-01
4.347466698829182130e-01 2.065666626463521782e-01 3.586866674707295810e-01
4.347466698829182130e-01 2.826266650585408380e-01 2.826266650585408380e-01
4.347466698829182130e-01 3.586866674707295810e-01 2.065666626463521782e-01
4.347466698829182130e-01 4.347466698829182130e-01 1.305066602341634907e-01
4.347466698829182130e-01 5.108066722951069005e-01 5.444665782197483095e-02
5.108066722951069005e-01 5.444665782197483095e-02 4.347466698829182130e-01
5.108066722951069005e-01 1.305066602341634907e-01 3.586866674707295810e-01
5.108066722951069005e-01 2.065666626463521782e-01 2.826266650585408380e-01
5.108066722951069005e-01 2.826266650585408380e-01 2.065666626463521782e-01
5.108066722951069005e-01 3.586866674707295810e-01 1.305066602341634907e-01
5.108066722951069005e-01 4.347466698829182130e-01 5.444665782197483095e-02
5.868666747072955880e-01 5.444665782197483095e-02 3.586866674707295810e-01
5.868666747072955880e-01 1.305066602341634907e-01 2.826266650585408380e-01
5.868666747072955880e-01 2.065666626463521782e-01 2.065666626463521782e-01
5.868666747072955880e-01 2.826266650585408380e-01 1.305066602341634907e-01
5.868666747072955880e-01 3.586866674707295810e-01 5.444665782197483095e-02
6.629266771194843866e-01 5.444665782197483095e-02 2.826266650585408380e-01
6.629266771194843866e-01 1.305066602341634907e-01 2.065666626463521782e-01
6.629266771194843866e-01 2.065666626463521782e-01 1.305066602341634907e-01
6.629266771194843866e-01 2.826266650585408380e-01 5.444665782197483095e-02
7.389866795316730741e-01 5.444665782197483095e-02 2.065666626463521782e-01
7.389866795316730741e-01 1.305066602341634907e-01 1.305066602341634907e-01
7.389866795316730741e-01 2.065666626463521782e-01 5.444665782197483095e-02
8.150466819438615396e-01 5.444665782197483095e-02 1.305066602341634907e-01
8.150466819438615396e-01 1.305066602341634907e-01 5.444665782197483095e-02
8.911066843560504491e-01 5.444665782197483095e-02 5.444665782197483095e-02
