3.519093633336140003e-02 3.519093633336140003e-02 9.296181273332773110e-01
3.519093633336140003e-02 1.165024991515355435e-01 8.483065645151028900e-01
3.519093633336140003e-02 1.978140619697097147e-01 7.669950016969289130e-01
3.519093633336140003e-02 2.791256247878838859e-01 6.856834388787547141e-01
3.519093633336140003e-02 3.604371876060580848e-01 6.043718760605805151e-01
3.519093633336140003e-02 4.417487504242322283e-01 5.230603132424063162e-01
3.519093633336140003e-02 5.230603132424063162e-01 4.417487504242322283e-01
3.519093633336140003e-02 6.043718760605805151e-01 3.604371876060580848e-01
3.519093633336140003e-02 6.856834388787547141e-01 2.791256247878838859e-01
3.519093633336140003e-02 7.669950016969289130e-01 1.978140619697097147e-01
3.519093633336140003e-02 8.483065645151028900e-01 1.165024991515355435e-01
3.519093633336140003e-02 9.296181273332773110e-01 3.519093633336140003e-02
1.165024991515355435e-01 3.519093633336140003e-02 8.483065645151028900e-01
1.165024991515355435e-01 1.165024991515355435e-01 7.669950016969289130e-01
1.165024991515355435e-01 1.978140619697097147e-01 6.856834388787547141e-01
1.165024991515355435e-01 2.791256247878838859e-01 6.043718760605805151e-01
1.165024991515355435e-01 3.604371876060580848e-01 5.230603132424063162e-01
1.165024991515355435e-01 4.417487504242322283e-01 4.417487504242322283e-01
1.165024991515355435e-01 5.230603132424063162e-01 3.604371876060580848e-01
1.165024991515355435e-01 6.043718760605805151e-01 2.791256247878838859e-01
1.165024991515355435e-01 6.856834388787547141e-01 1.978140619697097147e-01
1.165024991515355435e-01 7.669950016969289130e-01 1.165024991515355435e-01
1.165024991515355435e-01 8.483065645151028900e-01 3.519093633336140003e-02
1.978140619697097147e-01 3.519093633336140003e-02 7.669950016969289130e-01
1.978140619697097147e-01 1.165024991515355435e-01 6.856834388787547141e-01
1.978140619697097147e-01 1.978140619697097147e-01 6.043718760605805151e-01
1.978140619697097147e-01 2.791256247878838859e-01 5.230603132424063162e-01
1.978140619697097147e-01 3.604371876060580848e-01 4.417487504242322283e-01
1.978140619697097147e-01 4.417487504242322283e-01 3.604371876060580848e-01
1.978140619697097147e-01 5.230603132424063162e-01 2.791256247878838859e-01
1.978140619697097147e-01 6.043718760605805151e-01 1.978140619697097147e-01
1.978140619697097147e-01 6.856834388787547141e-01 1.165024991515355435e-01
1.978140619697097147e-01 7.669950016969289130e-01 3.519093633336140003e-02
2.791256247878838859e-01 3.519093633336140003e-02 6.856834388787547141e-01
2.791256247878838859e-01 1.165024991515355435e-01 6.043718760605805151e-01
2.791256247878838859e-01 1.978140619697097147e-01 5.230603132424063162e-01
2.791256247878838859e-01 2.791256247878838859e-01 4.417487504242322283e-01
2.791256247878838859e-01 3.604371876060580848e-01 3.604371876060580848e-01
2.791256247878838859e-01 4.417487504242322283e-01 2.791256247878838859e-01
2.791256247878838859e-01 5.230603132424063162e-01 1.978140619697097147e-01
2.791256247878838859e-01 6.043718760605805151e-01 1.165024991515355435e-01
2.791256247878838859e-01 6.856834388787547141e-01 3.519093633336140003e-02
3.604371876060580848e-01 3.519093633336140003e-02 6.043718760605805151e-01
3.604371876060580848e-01 1.165024991515355435e-01 5.230603132424063162e-01
3.604371876060580848e-01 1.978140619697097147e-01 4.417487504242322283e-01
3.604371876060580848e-01 2.791256247878838859e-01 3.604371876060580848e-01
3.604371876060580848e-01 3.604371876060580848e-01 2.791256247878838859e-01
3.604371876060580848e-01 4.417487504242322283e-01 1.978140619697097147e-01
3.604371876060580848e-01 5.230603132424063162e-01 1.165024991515355435e-01
3.604371876060580848e-01 6.043718760605805151e-01 3.519093633336140003e-02
4.417487504242322283e-01 3.519093633336140003e-02 5.230603132424063162e-01
4.417487504242322283e-01 1.165024991515355435e-01 4.417487504242322283e-01
4.417487504242322283e-01 1.978140619697097147e-01 3.604371876060580848e-01
4.417487504242322283e-01 2.791256247878838859e-01 2.791256247878838859e-01
4.417487504242322283e-01 3.604371876060580848e-01 1.978140619697097147e-01
4.417487504242322283e-01 4.417487504242322283e-01 1.165024991515355435e-01
4.417487504242322283e-01 5.230603132424063162e-01 3.519093633336140003e-02
5.230603132424063162e-01 3.519093633336140003e-02 4.417487504242322283e-01
5.230603132424063162e-01 1.165024991515355435e-01 3.604371876060580848e-01
5.230603132424063162e-01 1.978140619697097147e-01 2.791256247878838859e-01
5.230603132424063162e-01 2.791256247878838859e-01 1.978140619697097147e-01
5.230603132424063162e-01 3.604371876060580848e-01 1.165024991515355435e-01
5.230603132424063162e-01 4.417487504242322283e-01 3.519093633336140003e-02
6.043718760605805151e-01 3.519093633336140003e-02 3.604371876060580848e-01
6.043718760605805151e-01 1.165024991515355435e-01 2.791256247878838859e-01
6.043718760605805151e-01 1.978140619697097147e-01 1.978140619697097147e-01
6.043718760605805151e-01 2.791256247878838859e-01 1.165024991515355435e-01
6.043718760605805151e-01 3.604371876060580848e-01 3.519093633336140003e-02
6.856834388787547141e-01 3.519093633336140003e-02 2.791256247878838859e-01
6.856834388787547141e-01 1.165024991515355435e-01 1.978140619697097147e-01
6.856834388787547141e-01 1.978140619697097147e-01 1.165024991515355435e-01
6.856834388787547141e-01 2.791256247878838859e-01 3.519093633336140003e-02
7.669950016969289130e-01 3.519093633336140003e-02 1.978140619697097147e-01
7.669950016969289130e-01 1.165024991515355435e-01 1.165024991515355435e-01
7.669950016969289130e-01 1.978140619697097147e-01 3.519093633336140003e-02
8.483065645151028900e-01 3.519093633336140003e-02 1.165024991515355435e-01
8.483065645151028900e-01 1.165024991515355435e-01 3.519093633336140003e-02
9.296181273332773110e-01 3.519093633336140003e-02 3.519093633336140003e-02
