0.000000000000000000e+00 0.000000000000000000e+00 1.000000000000000000e+00
0.000000000000000000e+00 8.609666333405965877e-02 9.139033366659401469e-01
0.000000000000000000e+00 1.354287817049150411e-01 8.645712182950846536e-01
0.000000000000000000e+00 2.159406623462738484e-01 7.840593376537259296e-01
0.000000000000000000e+00 2.826159873153451518e-01 7.173840126846547927e-01
0.000000000000000000e+00 3.595149880061692116e-01 6.404850119938307884e-01
0.000000000000000000e+00 4.231135586891808797e-01 5.768864413108192313e-01
0.000000000000000000e+00 4.910703959870218460e-01 5.089296040129781540e-01
0.000000000000000000e+00 5.691794707399405739e-01 4.308205292600593705e-01
0.000000000000000000e+00 6.354532070074431216e-01 3.645467929925568784e-01
0.000000000000000000e+00 7.306518392415486396e-01 2.693481607584513604e-01
0.000000000000000000e+00 7.856008195922704607e-01 2.143991804077295671e-01
0.000000000000000000e+00 8.533113930117601775e-01 1.466886069882397114e-01
0.000000000000000000e+00 9.273560628339430068e-01 7.264393716605693774e-02
0.000000000000000000e+00 1.000000000000000000e+00 0.000000000000000000e+00
7.203161464533816560e-02 0.000000000000000000e+00 9.279683853546618622e-01
7.326053754375852489e-02 6.926479822733275227e-02 8.574746642289086118e-01
7.486003877406761930e-02 1.405089966093340248e-01 7.846309646165983143e-01
6.022531393500931557e-02 2.273088822416919896e-01 7.124658038232988266e-01
7.436191342201352306e-02 2.870096787737608790e-01 6.386284078042255841e-01
7.157153850272485185e-02 3.625855180372062891e-01 5.658429434600688035e-01
6.768269501369725272e-02 4.326347817643235727e-01 4.996825232219790913e-01
7.123080770213677249e-02 4.956164432015934818e-01 4.331527490962696625e-01
7.376706394053185456e-02 5.706320419600968696e-01 3.556008940993712897e-01
7.908296543907422649e-02 6.440317042549758009e-01 2.768853303059500282e-01
8.799451560614490742e-02 7.029659803560549536e-01 2.090395040378001390e-01
7.029385676685762085e-02 7.877947616590948998e-01 1.419113815740473683e-01
7.142857142857142461e-02 8.571428571428570953e-01 7.142857142857142461e-02
6.701700305404043045e-02 9.329829969459595418e-01 0.000000000000000000e+00
1.439539765118109382e-01 0.000000000000000000e+00 8.560460234881891450e-01
1.447598577515697149e-01 6.317406256637392303e-02 7.920660796820564453e-01
1.482413661929215809e-01 1.407201519457397521e-01 7.110384818613387781e-01
1.444077037333983127e-01 2.070282389788867250e-01 6.485640572877148236e-01
1.444310491011300546e-01 2.848367097606412379e-01 5.707322411382285132e-01
1.429137561518320221e-01 3.499565395995837824e-01 5.071297042485843898e-01
1.441859686650313055e-01 4.235906107360270512e-01 4.322234205989415323e-01
1.544821521108226403e-01 4.965787444668909312e-01 3.489391034222865118e-01
1.451237776678983571e-01 5.644068752653892407e-01 2.904693470667124022e-01
1.443012545306915917e-01 6.456199686718000486e-01 2.100787767975084708e-01
1.412823704951107762e-01 7.231786609855128667e-01 1.355389685193763016e-01
1.356896273535411201e-01 7.891163465118380405e-01 7.519402613462071450e-02
1.384746040007104884e-01 8.615253959992893451e-01 0.000000000000000000e+00
2.174904657552605702e-01 0.000000000000000000e+00 7.825095342447395685e-01
2.162217080517679635e-01 7.141738575076149453e-02 7.123609061974705003e-01
2.123323719963377543e-01 1.422598202182835114e-01 6.454078077853788731e-01
2.183054948370324322e-01 2.216650539443451307e-01 5.600294512186223539e-01
2.181301009972926586e-01 2.850930108596235746e-01 4.967768881430837391e-01
2.045140870435830371e-01 3.677251878697208598e-01 4.277607250866961031e-01
2.127912553425063968e-01 4.297482899197036521e-01 3.574604547377898678e-01
2.200439460454536589e-01 4.987958529659014539e-01 2.811602009886449149e-01
2.217698772286342268e-01 5.634151907922612113e-01 2.148149319791043954e-01
2.117908032713173017e-01 6.495067174317173953e-01 1.387024792969651366e-01
2.131403912173879256e-01 7.172876020459386659e-01 6.957200673667338076e-02
2.215925904164278426e-01 7.784074095835721296e-01 0.000000000000000000e+00
2.838622163694208278e-01 0.000000000000000000e+00 7.161377836305793387e-01
2.938807307848566031e-01 7.511600863923631466e-02 6.310032605759071656e-01
2.850417905753032666e-01 1.457426090397766494e-01 5.692156003849198065e-01
2.790091537038405511e-01 2.137010832237749569e-01 5.072897630723841589e-01
2.823043321808066386e-01 2.926822998475548387e-01 4.250133679716385227e-01
2.809304601082612263e-01 3.551931735232093934e-01 3.638763663685293803e-01
2.772647835431256147e-01 4.310189576233881548e-01 2.917162588334861195e-01
2.716087376073555437e-01 5.025898198648237614e-01 2.258014425278205561e-01
2.793726472652410808e-01 5.652145191725276296e-01 1.554128335622311785e-01
2.854074614830081624e-01 6.374956372586698672e-01 7.709690125832190100e-02
2.749926921881978292e-01 7.250073078118022263e-01 0.000000000000000000e+00
3.550116747976539422e-01 0.000000000000000000e+00 6.449883252023462799e-01
3.500915729065147697e-01 7.002551937938425453e-02 5.798829077141007815e-01
3.625141346606950421e-01 1.412530123899172763e-01 4.962328529493876261e-01
3.590458854504476327e-01 2.133565415897945572e-01 4.275975729597578101e-01
3.596296284222379458e-01 2.852894182841438364e-01 3.550809532936180513e-01
3.456853610741634220e-01 3.590662395486401981e-01 2.952483993771966020e-01
3.487069630101554685e-01 4.302030513715511817e-01 2.210899856182934886e-01
3.526773271441238089e-01 5.018640116758263936e-01 1.454586611800498253e-01
3.584119812433599339e-01 5.654318571361229839e-01 7.615616162051702664e-02
3.557906383067384049e-01 6.442093616932614841e-01 0.000000000000000000e+00
4.241044089897234581e-01 0.000000000000000000e+00 5.758955910102765419e-01
4.254602974238048119e-01 7.789120602128891957e-02 4.966484965549063380e-01
4.376649230054694417e-01 1.300405806138700271e-01 4.322944963806604757e-01
4.278865190761879100e-01 2.153498230826145221e-01 3.567636578411975679e-01
4.164429006510436126e-01 2.900289012358735485e-01 2.935281981130828388e-01
4.253172252975057077e-01 3.641123781833289774e-01 2.105703965191652871e-01
4.241561309238344180e-01 4.260627421257307534e-01 1.497811269504349396e-01
4.277664501223326643e-01 5.039271155710740580e-01 6.830643430659329163e-02
4.164615763215819277e-01 5.835384236784179057e-01 0.000000000000000000e+00
4.886781833287147103e-01 0.000000000000000000e+00 5.113218166712850676e-01
4.990889902561041480e-01 6.952502894462692096e-02 4.313859807992689310e-01
4.989843867927369336e-01 1.487306469600536141e-01 3.522849662472095633e-01
5.093980381657019496e-01 2.018382412889654920e-01 2.887637205453324474e-01
5.007856840046969182e-01 2.886392945696406587e-01 2.105750214256623676e-01
5.087260984261985364e-01 3.539940267796877205e-01 1.372798747941136877e-01
5.008079033449718276e-01 4.274991813676080055e-01 7.169291528742008368e-02
5.053952873333082962e-01 4.946047126666917593e-01 0.000000000000000000e+00
5.646136949583036024e-01 0.000000000000000000e+00 4.353863050416964531e-01
5.649964111397369759e-01 6.996296869116533368e-02 3.650406201690976626e-01
5.706647260041292080e-01 1.451961075776429244e-01 2.841391664182279508e-01
5.732413127966651256e-01 2.150607045402484763e-01 2.116979826630863148e-01
5.717752989724839141e-01 2.831694418358715049e-01 1.450552591916445533e-01
5.782143135977567683e-01 3.566457777141978092e-01 6.513990868804547807e-02
5.750395771828061831e-01 4.249604228171938169e-01 0.000000000000000000e+00
6.405637066075693387e-01 0.000000000000000000e+00 3.594362933924305503e-01
6.459587005942324378e-01 6.858466656396436378e-02 2.854566328418032262e-01
6.478401487917081480e-01 1.388233261247964201e-01 2.133365250834954874e-01
6.518235415478468298e-01 2.100797576361925212e-01 1.380967008159606491e-01
6.453287694073278624e-01 2.767506438543304581e-01 7.792058673834177662e-02
6.486976845204517339e-01 3.513023154795483771e-01 0.000000000000000000e+00
7.153760408380540614e-01 0.000000000000000000e+00 2.846239591619459941e-01
7.208146598634850299e-01 6.608565215249707914e-02 2.130996879840179048e-01
7.089370171318803981e-01 1.415921032239904898e-01 1.494708796441289178e-01
7.134136084601068184e-01 2.111480870183945480e-01 7.543830452149852261e-02
7.138481952834941913e-01 2.861518047165058642e-01 0.000000000000000000e+00
7.884197036426726646e-01 0.000000000000000000e+00 2.115802963573272244e-01
7.899763762522296062e-01 6.908093021139209700e-02 1.409426935363781441e-01
7.857142857142856984e-01 1.428571428571428492e-01 7.142857142857142461e-02
7.833604487207082023e-01 2.166395512792917977e-01 0.000000000000000000e+00
8.545833244807784501e-01 0.000000000000000000e+00 1.454166755192215499e-01
8.631655014774182177e-01 6.687470530134614899e-02 6.995979322123574429e-02
8.501578225518094944e-01 1.498421774481904500e-01 0.000000000000000000e+00
9.239094829075513715e-01 0.000000000000000000e+00 7.609051709244854522e-02
9.243327851954751262e-01 7.566721480452485993e-02 0.000000000000000000e+00
1.000000000000000000e+00 0.000000000000000000e+00 0.000000000000000000e+00
