0.000000000000000000e+00 0.000000000000000000e+00 1.000000000000000000e+00
0.000000000000000000e+00 6.290481335796066498e-02 9.370951866420392795e-01
0.000000000000000000e+00 1.038353634239482237e-01 8.961646365760514987e-01
0.000000000000000000e+00 1.701906156371720824e-01 8.298093843628278066e-01
0.000000000000000000e+00 2.444146441973766570e-01 7.555853558026233152e-01
0.000000000000000000e+00 3.474763786666687504e-01 6.525236213333309720e-01
0.000000000000000000e+00 4.053906667253501239e-01 5.946093332746497095e-01
0.000000000000000000e+00 4.312980333532848154e-01 5.687019666467150181e-01
0.000000000000000000e+00 4.994235864309380935e-01 5.005764135690616845e-01
0.000000000000000000e+00 5.846003150779638391e-01 4.153996849220360499e-01
0.000000000000000000e+00 7.557239037370986345e-01 2.442760962629015598e-01
0.000000000000000000e+00 7.932737403902977436e-01 2.067262596097023120e-01
0.000000000000000000e+00 8.426782543142143922e-01 1.573217456857858576e-01
0.000000000000000000e+00 9.404552967049236711e-01 5.954470329507646764e-02
0.000000000000000000e+00 1.000000000000000000e+00 0.000000000000000000e+00
6.852250739560353243e-02 0.000000000000000000e+00 9.314774926043964953e-01
4.603083133607829142e-02 6.782994400369175836e-02 8.861392246602299849e-01
5.704848349514057143e-02 1.161441772979938392e-01 8.268073392068655547e-01
9.601322932094430440e-02 1.845069308438768985e-01 7.194798398351788249e-01
1.034935078081967025e-01 2.414458505581126568e-01 6.550606416336904880e-01
7.613473394210387712e-02 3.515441059579607064e-01 5.723211600999352777e-01
1.014381074287978440e-01 4.206460937295020130e-01 4.779157988417000458e-01
1.019166564231827748e-01 5.006973127577851734e-01 3.973860308190321211e-01
8.183248855272712285e-02 6.033656372237427012e-01 3.148018742235301204e-01
8.903729679068435321e-02 6.219729848025628005e-01 2.889897184067529712e-01
4.511424135615001857e-02 7.210063609178369859e-01 2.338793977260128498e-01
5.184478868261430118e-02 7.976472881342592247e-01 1.505079231831262798e-01
7.821421955673908688e-02 8.420531790563730024e-01 7.973260138688800791e-02
6.837600449678743475e-02 9.316239955032125097e-01 0.000000000000000000e+00
1.489342177547109403e-01 0.000000000000000000e+00 8.510657822452889487e-01
1.187360389303483837e-01 7.585726736561690386e-02 8.054066937040346152e-01
1.616023031165543522e-01 1.332322785897162021e-01 7.051654182937295845e-01
1.403640003081500220e-01 2.091808077752060901e-01 6.504551919166439156e-01
1.396503369867124755e-01 2.730032923328444827e-01 5.873463706804430418e-01
1.293254420335322175e-01 3.372554873910084128e-01 5.334190705754594530e-01
1.625147800653725105e-01 3.982161594543103811e-01 4.392690604803172194e-01
1.340964312591447494e-01 5.082437098232979178e-01 3.576598589175574161e-01
1.614485975618962510e-01 5.731565151678619241e-01 2.653948872702419637e-01
1.601670315003873857e-01 6.405932792239151796e-01 1.992396892756974625e-01
1.068045558966459058e-01 7.383010272196477430e-01 1.548944168837063096e-01
1.389199399642728205e-01 7.803909525941477021e-01 8.068910744157936632e-02
1.786610932137905616e-01 8.213389067862094661e-01 0.000000000000000000e+00
2.021521028962240119e-01 0.000000000000000000e+00 7.978478971037761269e-01
2.331200242642158249e-01 5.730178787743733099e-02 7.095781878583468094e-01
1.856405069950944620e-01 1.663111285538604878e-01 6.480483644510449670e-01
1.846324711899080540e-01 2.461673664745509249e-01 5.692001623355410489e-01
1.997628409979396724e-01 2.834263646108516888e-01 5.168107943912085833e-01
2.123962466958266293e-01 3.449702689833687441e-01 4.426334843208046821e-01
1.779225219560497950e-01 4.434336373069062698e-01 3.786438407370439352e-01
2.025593682269480889e-01 5.060841329047546244e-01 2.913564988682971202e-01
2.168335846775537590e-01 5.837438718470919774e-01 1.994225434753542914e-01
2.082465165414093822e-01 6.612471849040776339e-01 1.305062985545129561e-01
1.953551375724840167e-01 7.151762955282900958e-01 8.946856689922583206e-02
2.076293881659041496e-01 7.923706118340959614e-01 0.000000000000000000e+00
3.093520020039935425e-01 0.000000000000000000e+00 6.906479979960065130e-01
2.827664538357646529e-01 8.249786393668817608e-02 6.347356822275470600e-01
3.018629753406935623e-01 1.458978719611258024e-01 5.522391526981805798e-01
3.002295393387068301e-01 2.242051905165930725e-01 4.755652701446999031e-01
3.232086906279702521e-01 2.797054148261116646e-01 3.970858945459180833e-01
2.802971891869443510e-01 3.702559726522847150e-01 3.494468381607709340e-01
2.769683762673438854e-01 4.473695777777034754e-01 2.756620459549525837e-01
2.639125458746891528e-01 5.011936902720567355e-01 2.348937638532541117e-01
2.937110156849402909e-01 5.695784167737719672e-01 1.367105675412876586e-01
2.777261343804315885e-01 6.302809459724515451e-01 9.199291964711674152e-02
2.668238122134010681e-01 7.331761877865988764e-01 0.000000000000000000e+00
3.911690389127558953e-01 0.000000000000000000e+00 6.088309610872441047e-01
3.792087881963245311e-01 5.858462684241654006e-02 5.622065849612590815e-01
3.508472824418691904e-01 1.625770801025591961e-01 4.865756374555715857e-01
3.446931130885703687e-01 2.417061485148687683e-01 4.136007383965607520e-01
3.856094288260142333e-01 2.706169834281408892e-01 3.437735877458448774e-01
3.737089055381213054e-01 3.538667784807388861e-01 2.724243159811399195e-01
3.651508265870569980e-01 4.151920149949783756e-01 2.196571584179644876e-01
3.605928231850293320e-01 5.114969700664520058e-01 1.279102067485186345e-01
3.683047925876168360e-01 5.932026090973722132e-01 3.849259831501097850e-02
3.651415519896394901e-01 6.348584480103605099e-01 0.000000000000000000e+00
4.624726856106160522e-01 0.000000000000000000e+00 5.375273143893839478e-01
4.106862149533634376e-01 8.046367735140833033e-02 5.088501076952283153e-01
4.152024701247853944e-01 1.294093083724840443e-01 4.553882215027305613e-01
4.391402460521706130e-01 2.183370653348866430e-01 3.425226886129426607e-01
4.176562842700459743e-01 2.836588479564799425e-01 2.986848677734740831e-01
4.330025452697225941e-01 3.653362817879752811e-01 2.016611729423020971e-01
4.571206781140897957e-01 4.139239722901255081e-01 1.289553495957847518e-01
4.321196071082867296e-01 5.110907360846010938e-01 5.678965680711204472e-02
4.831591000696450200e-01 5.168408999303548690e-01 0.000000000000000000e+00
5.400504293910709519e-01 0.000000000000000000e+00 4.599495706089288816e-01
5.012204963968012184e-01 6.477831401644619513e-02 4.340011895867526004e-01
5.058351723018535973e-01 1.696838140239731452e-01 3.244810136741732576e-01
4.772892840945744952e-01 2.343861948797041905e-01 2.883245210257212587e-01
4.903502715480329011e-01 2.780134540452269820e-01 2.316362744067401724e-01
5.210124111224643251e-01 3.530451411616691293e-01 1.259424477158664346e-01
5.015318940786335222e-01 4.361072227709623661e-01 6.236088315040402841e-02
5.293405637928498830e-01 4.706594362071501170e-01 0.000000000000000000e+00
5.578225612133058675e-01 0.000000000000000000e+00 4.421774387866939660e-01
5.713610669569374467e-01 7.586697515027714112e-02 3.527719578927853705e-01
5.573657771924483972e-01 1.838148575503102677e-01 2.588193652572413073e-01
5.640109058785308660e-01 2.387042342846660281e-01 1.972848598368032724e-01
5.775970244759063288e-01 2.760369334980779521e-01 1.463660420260157746e-01
5.693096328989096788e-01 3.548563730418463069e-01 7.583399405924393100e-02
5.994003146278890082e-01 4.005996853721109363e-01 0.000000000000000000e+00
6.344043434153018302e-01 0.000000000000000000e+00 3.655956565846981698e-01
6.745487851214519992e-01 6.066130838875190973e-02 2.647899064897961674e-01
6.301857949689716465e-01 1.840220338625371821e-01 1.857921711684910049e-01
6.424705520279294646e-01 2.352952538911545488e-01 1.222341940809159450e-01
6.601004678958525274e-01 2.847769929474510686e-01 5.512253915669654281e-02
6.533257448031245529e-01 3.466742551968755581e-01 0.000000000000000000e+00
6.991448558025190607e-01 0.000000000000000000e+00 3.008551441974809393e-01
7.114217738385351097e-01 7.774368592719339832e-02 2.108345402342712838e-01
6.836864124572679113e-01 1.609816388299212253e-01 1.553319487128109466e-01
7.210621022156711302e-01 2.126233958363517584e-01 6.631450194797723630e-02
6.921278155025185619e-01 3.078721844974814936e-01 0.000000000000000000e+00
7.515071650980011952e-01 0.000000000000000000e+00 2.484928349019986382e-01
7.677078744197609605e-01 8.806691959898338418e-02 1.442252059812555998e-01
7.722709695349312398e-01 1.233301515042022900e-01 1.043988789608664702e-01
7.773485462669176282e-01 2.226514537330823995e-01 0.000000000000000000e+00
8.416373663623066825e-01 0.000000000000000000e+00 1.583626336376932342e-01
8.433095116261526414e-01 7.015688377607776083e-02 8.653360459776947289e-02
8.902298643905497411e-01 1.097701356094504671e-01 0.000000000000000000e+00
9.758286064724710496e-01 0.000000000000000000e+00 2.417139352752891920e-02
9.353443254686849562e-01 6.465567453131512710e-02 0.000000000000000000e+00
1.000000000000000000e+00 0.000000000000000000e+00 0.000000000000000000e+00
