0.000000000000000000e+00 0.000000000000000000e+00 1.000000000000000000e+00
0.000000000000000000e+00 1.056179558793838985e-01 8.943820441206158378e-01
0.000000000000000000e+00 1.803622790627047445e-01 8.196377209372950334e-01
0.000000000000000000e+00 1.947718162253104790e-01 8.052281837746892990e-01
0.000000000000000000e+00 3.011334410968269371e-01 6.988665589031727299e-01
0.000000000000000000e+00 3.331362322540953325e-01 6.668637677459041679e-01
0.000000000000000000e+00 3.769026573411310421e-01 6.230973426588686248e-01
0.000000000000000000e+00 4.543471345901202163e-01 5.456528654098795617e-01
0.000000000000000000e+00 5.438897316435429286e-01 4.561102683564569604e-01
0.000000000000000000e+00 5.888062166410272802e-01 4.111937833589726643e-01
0.000000000000000000e+00 6.953340163982969502e-01 3.046659836017029388e-01
0.000000000000000000e+00 7.431376393030659777e-01 2.568623606969336892e-01
0.000000000000000000e+00 7.980641710889446738e-01 2.019358289110549931e-01
0.000000000000000000e+00 9.290705196556213741e-01 7.092948034437845939e-02
0.000000000000000000e+00 1.000000000000000000e+00 0.000000000000000000e+00
6.137571685341890182e-02 0.000000000000000000e+00 9.386242831465811953e-01
9.965656590166359352e-02 6.692185269942552139e-02 8.334215813989108712e-01
7.903161816578552212e-02 1.666038404395763228e-01 7.543645413946381550e-01
7.491424159783328929e-02 1.924675809406720395e-01 7.326181774614948239e-01
3.768425332836124186e-02 3.062920075755835581e-01 6.560237390960550474e-01
2.952604795872562637e-02 3.508782838398545878e-01 6.195956682014196470e-01
5.152129697426668931e-02 3.976403110475956182e-01 5.508383919781375537e-01
9.427420445150583306e-02 4.882234931393693023e-01 4.175023024091248924e-01
1.033827193004643458e-01 5.358279192539746605e-01 3.607893614455611186e-01
1.059194573857908800e-01 6.369448992524247011e-01 2.571356433617844606e-01
5.821608668252706981e-02 7.301098094274788286e-01 2.116741038899940808e-01
4.688121256326666791e-02 7.847710895725892311e-01 1.683476978641439414e-01
8.962528754492118943e-02 8.291322718037309469e-01 8.124244065134765547e-02
1.314282510783514879e-01 8.685717489216483456e-01 0.000000000000000000e+00
1.259030035915075507e-01 0.000000000000000000e+00 8.740969964084924770e-01
1.396776210299865428e-01 1.035295251084704660e-01 7.567928538615428247e-01
9.459971732488844931e-02 1.838592751999020836e-01 7.215410074752096614e-01
1.361070721301917419e-01 2.216131757141317216e-01 6.422797521556766753e-01
1.121854692965647271e-01 3.374013420234553418e-01 5.504131886799797924e-01
1.316190278142724268e-01 3.675602558008656540e-01 5.008207163848616972e-01
1.153299668086309460e-01 4.578125685572537740e-01 4.268574646341153911e-01
1.345761000145692110e-01 4.923566713399555872e-01 3.730672286454753128e-01
1.446105535159021571e-01 5.753543109819787560e-01 2.800351355021193367e-01
1.673706207914779642e-01 6.157018513393539560e-01 2.169275278691680797e-01
1.853854888471791751e-01 7.282445288034027353e-01 8.636998234941797858e-02
1.489179595576294313e-01 7.781979734745823052e-01 7.288406696778815252e-02
1.659428778763396839e-01 8.340571221236601218e-01 0.000000000000000000e+00
2.197860908987951112e-01 0.000000000000000000e+00 7.802139091012048056e-01
1.702996882556538916e-01 1.429158839160440952e-01 6.867844278283021797e-01
1.762015675654013125e-01 1.946564291154130599e-01 6.291420033191857941e-01
1.719242519602601771e-01 2.629578284247380826e-01 5.651179196150017958e-01
1.872806157155978424e-01 3.099748805383182315e-01 5.027445037460839261e-01
2.214559938877347645e-01 3.448973207703162069e-01 4.336466853419490008e-01
2.200689675655482791e-01 4.474833243107159131e-01 3.324477081237359188e-01
1.979120067156614482e-01 5.006414503362641710e-01 3.014465429480744918e-01
2.288075490610326224e-01 5.602228297836635562e-01 2.109696211553040157e-01
2.155643775443062127e-01 6.659002629974111187e-01 1.185353594582827241e-01
2.422785835290234280e-01 7.273187526823676752e-01 3.040266378860869909e-02
1.973041406813225984e-01 8.026958593186772628e-01 0.000000000000000000e+00
2.896294410579817180e-01 0.000000000000000000e+00 7.103705589420181710e-01
2.343616491973975202e-01 1.090604058502119139e-01 6.565779449523906353e-01
3.480001946909510591e-01 1.365959531694743434e-01 5.154038521395745143e-01
2.475897047428339270e-01 2.400378279025341954e-01 5.123724673546319330e-01
2.760168693766675840e-01 2.887075122632521418e-01 4.352756183600802742e-01
2.602960676619417435e-01 3.722844370843582107e-01 3.674194952537000458e-01
3.067939869398272901e-01 4.133036994919070950e-01 2.799023135682658925e-01
3.382618151090658887e-01 4.557555228527822577e-01 2.059826620381521034e-01
2.423041326707698340e-01 5.885993847131402168e-01 1.690964826160900325e-01
2.553183028899701501e-01 6.525480087537794960e-01 9.213368835625053432e-02
2.440597746758060849e-01 7.559402253241936931e-01 0.000000000000000000e+00
4.056786616051162864e-01 0.000000000000000000e+00 5.943213383948838802e-01
3.953635301390112655e-01 8.631603681722824217e-02 5.183204330437604090e-01
3.540901379465476451e-01 1.851763855152016858e-01 4.607334765382506414e-01
3.224420658834623032e-01 2.534908269344701703e-01 4.240671071820675264e-01
3.212395060991561357e-01 2.768961821200601747e-01 4.018643117807835785e-01
3.623337121335729605e-01 3.524297423315580491e-01 2.852365455348691015e-01
3.788053621340395360e-01 3.774902626353375257e-01 2.437043752306229938e-01
3.708504637968474404e-01 4.624857033830784836e-01 1.666638328200741870e-01
3.335943974195907935e-01 5.538454382444053525e-01 1.125601643360038540e-01
3.415315485608347301e-01 6.584684514391651033e-01 0.000000000000000000e+00
4.245880596835864274e-01 0.000000000000000000e+00 5.754119403164137392e-01
4.159104341491050572e-01 1.227830499897084732e-01 4.613065158611864280e-01
4.341120093912107514e-01 1.635670002764029185e-01 4.023209903323864411e-01
4.805138336961152223e-01 2.017157003729455056e-01 3.177704659309393276e-01
4.635417707026339706e-01 2.597348182568353092e-01 2.767234110405307757e-01
4.495454285881663181e-01 3.133746554797842143e-01 2.370799159320494121e-01
4.859296451819267171e-01 4.053170463765490839e-01 1.087533084415242546e-01
4.298666303439275804e-01 5.016572421432375917e-01 6.847612751283473076e-02
5.140571744087186756e-01 4.859428255912810468e-01 0.000000000000000000e+00
5.690812125681693479e-01 0.000000000000000000e+00 4.309187874318307077e-01
5.450936414132941943e-01 6.600513286059742080e-02 3.889012257261083017e-01
5.261306001958450107e-01 1.501464949064149901e-01 3.237229048977400270e-01
4.935392166253363966e-01 2.207816598550244591e-01 2.856791235196391998e-01
4.862431696644894941e-01 2.961750667671944059e-01 2.175817635683161000e-01
5.091776584458502786e-01 3.615563668686331278e-01 1.292659746855166492e-01
5.583830864254789583e-01 3.892188206875190071e-01 5.239809288700190276e-02
5.734667800030024409e-01 4.265332199969972815e-01 0.000000000000000000e+00
6.086955587035719484e-01 0.000000000000000000e+00 3.913044412964280516e-01
5.909091771910051083e-01 8.157346008552281147e-02 3.275173627234722606e-01
6.033743916974998456e-01 1.106791621848162432e-01 2.859464461176839944e-01
5.675839237826693084e-01 2.078014420403159201e-01 2.246146341770147992e-01
5.606742530658687107e-01 2.885115642218015197e-01 1.508141827123297141e-01
5.754409931016981616e-01 3.456624438731228932e-01 7.889656302517883413e-02
6.061691228058234682e-01 3.938308771941763098e-01 0.000000000000000000e+00
6.979914559457280898e-01 0.000000000000000000e+00 3.020085440542717992e-01
6.551171333302220345e-01 4.566085164367778004e-02 2.992220150261002409e-01
6.223549109219750353e-01 1.227493530585704873e-01 2.548957360194544775e-01
6.522235379424738966e-01 2.340202094192784799e-01 1.137562526382475125e-01
6.409179598733371064e-01 2.962823645137966921e-01 6.279967561286621536e-02
6.482051187747146503e-01 3.517948812252852941e-01 0.000000000000000000e+00
7.328780144746018799e-01 0.000000000000000000e+00 2.671219855253979536e-01
6.707677403359418866e-01 1.291175894402705471e-01 2.001146702237874553e-01
7.048365627836353786e-01 1.574214927203043957e-01 1.377419444960602257e-01
6.843941586754689332e-01 2.263144129648680947e-01 8.929142835966281944e-02
7.924939029410152935e-01 2.075060970589850395e-01 0.000000000000000000e+00
8.007461010091517783e-01 0.000000000000000000e+00 1.992538989908482494e-01
7.694960492528275520e-01 7.490906244982942219e-02 1.555948882973432201e-01
8.254755799578543662e-01 1.015925671367300664e-01 7.293185290541574772e-02
8.142686516887058801e-01 1.857313483112946195e-01 0.000000000000000000e+00
8.981338578251583105e-01 0.000000000000000000e+00 1.018661421748417312e-01
8.423595835464675607e-01 5.886962439031599714e-02 9.877079206321681681e-02
9.214991371280620847e-01 7.850086287193835943e-02 0.000000000000000000e+00
9.524595089773691958e-01 0.000000000000000000e+00 4.754049102263070703e-02
9.563171005261879021e-01 4.368289947381238936e-02 0.000000000000000000e+00
1.000000000000000000e+00 0.000000000000000000e+00 0.000000000000000000e+00
