0.000000000000000000e+00 0.000000000000000000e+00 1.000000000000000000e+00
0.000000000000000000e+00 5.937254267572285304e-02 9.406274573242771053e-01
0.000000000000000000e+00 1.612670655378777018e-01 8.387329344621221594e-01
0.000000000000000000e+00 2.285684610630437930e-01 7.714315389369561515e-01
0.000000000000000000e+00 3.159596673923847909e-01 6.840403326076153201e-01
0.000000000000000000e+00 3.880257981246855170e-01 6.119742018753145940e-01
0.000000000000000000e+00 4.536796286590961680e-01 5.463203713409037210e-01
0.000000000000000000e+00 4.842393105669694497e-01 5.157606894330305503e-01
0.000000000000000000e+00 5.640704574847209551e-01 4.359295425152789338e-01
0.000000000000000000e+00 6.244749348870528571e-01 3.755250651129469208e-01
0.000000000000000000e+00 7.046971832711854677e-01 2.953028167288144767e-01
0.000000000000000000e+00 7.857142857142856984e-01 2.142857142857142738e-01
0.000000000000000000e+00 8.818154620807703292e-01 1.181845379192296153e-01
0.000000000000000000e+00 9.227405847653219473e-01 7.725941523467791394e-02
0.000000000000000000e+00 1.000000000000000000e+00 0.000000000000000000e+00
5.640432446954238982e-02 0.000000000000000000e+00 9.435956755304576449e-01
8.006660278238619810e-02 5.459299244304777893e-02 8.653404047745659744e-01
4.532303320728436197e-02 1.478069279152978976e-01 8.068700388774178167e-01
6.371458004837093902e-02 2.167817618494059517e-01 7.195036581022230537e-01
9.096834041224251266e-02 2.729435367406485846e-01 6.360881228471089166e-01
8.723060739554729104e-02 3.587535586798193399e-01 5.540158339246333830e-01
9.079509392374296439e-02 4.205001917266949496e-01 4.887047143495620305e-01
8.100736665268465364e-02 4.755297431822411158e-01 4.434628901650741195e-01
9.567387049104854324e-02 5.679476306675437236e-01 3.363784988414078581e-01
8.040362864885360061e-02 6.519870618614939106e-01 2.676093094896524471e-01
6.745268822416791710e-02 7.143909244037569550e-01 2.181563873720751279e-01
8.669252433849644612e-02 7.694533195798153313e-01 1.438541560816881948e-01
8.222791876874023520e-02 8.606041738791277984e-01 5.716790735213184149e-02
7.599432880694831360e-02 9.240056711930516586e-01 0.000000000000000000e+00
1.416366378975754126e-01 0.000000000000000000e+00 8.583633621024245874e-01
1.372881472159011296e-01 6.451930737509403713e-02 7.981925454090048611e-01
1.543647783092455816e-01 1.362201829182002610e-01 7.094150387725540741e-01
1.322561724107155778e-01 2.180693487434395283e-01 6.496744788458450603e-01
1.406710476198856641e-01 2.939581533873466546e-01 5.653707989927676536e-01
1.246194636655385130e-01 3.706541056590011984e-01 5.047264306754603025e-01
1.581818885449485512e-01 4.245563488017159992e-01 4.172617626533353108e-01
1.530487348671079328e-01 4.903972955745775075e-01 3.565539695583146429e-01
1.610231279203754029e-01 5.526903808522207751e-01 2.862864912274037943e-01
1.478891359196758126e-01 6.261796512036139628e-01 2.259312128767102801e-01
1.403609488068623123e-01 7.135244084717593527e-01 1.461146427213783072e-01
1.541981138092516357e-01 7.956000275757008078e-01 5.020185861504754959e-02
1.484943409995291563e-01 8.515056590004708159e-01 0.000000000000000000e+00
2.033794543135130362e-01 0.000000000000000000e+00 7.966205456864869916e-01
2.113463849960046381e-01 8.367380181844556730e-02 7.049798131855496974e-01
2.117341011287587060e-01 1.493379995139340888e-01 6.389278993573072052e-01
2.061320961270099728e-01 1.927729937164603113e-01 6.010949101565296049e-01
2.118940639037660001e-01 2.966750384203393764e-01 4.914308976758945402e-01
2.155725632090862709e-01 3.539730599952238821e-01 4.304543767956897637e-01
2.222117735451689391e-01 4.167237642228027727e-01 3.610644622320281494e-01
2.081204884124590593e-01 5.117320962759096536e-01 2.801474153116312316e-01
2.149061507213977651e-01 5.766150570018000465e-01 2.084787922768020496e-01
2.180286757093669037e-01 6.646426291542910647e-01 1.173286951363422814e-01
2.048128995071319403e-01 7.162586232174209533e-01 7.892847727544710645e-02
2.435523266841852774e-01 7.564476733158147503e-01 0.000000000000000000e+00
2.774461852285872165e-01 0.000000000000000000e+00 7.225538147714128945e-01
2.894615628219379677e-01 6.907556688387216093e-02 6.414628702941898020e-01
2.700934944429339568e-01 1.322225841796639823e-01 5.976839213774016724e-01
2.573138654410451753e-01 2.215973625157166005e-01 5.210887720432381132e-01
2.690014556358936715e-01 2.901759112112839434e-01 4.408226331528223296e-01
2.716055235294651538e-01 3.557772580459435674e-01 3.726172184245911678e-01
2.743122567707304560e-01 4.196999280357534556e-01 3.059878151935159774e-01
2.693415261453894760e-01 4.905876541554644032e-01 2.400708196991462040e-01
2.984416074098247829e-01 5.495573359578787009e-01 1.520010566322963774e-01
2.741554825480949087e-01 6.599833038801536933e-01 6.586121357175153679e-02
3.088678481627098460e-01 6.911321518372901540e-01 0.000000000000000000e+00
3.633787579994083861e-01 0.000000000000000000e+00 6.366212420005917805e-01
3.392482783747485797e-01 7.987165957057179577e-02 5.808800620546795690e-01
3.606836065586256357e-01 1.262152886763872328e-01 5.131011047649871593e-01
3.483839873240611729e-01 2.129025338427582847e-01 4.387134788331804591e-01
3.562422482330205309e-01 2.680393022448650520e-01 3.757184495221142506e-01
3.584733576702435753e-01 3.440459406181211044e-01 2.974807017116352648e-01
3.629310120011180474e-01 4.170417232441455124e-01 2.200272647547363847e-01
3.575410281592471540e-01 5.053691029618935238e-01 1.370898688788591557e-01
3.503890033196448983e-01 5.788248700281668491e-01 7.078612665218816935e-02
3.737045662664463808e-01 6.262954337335535637e-01 0.000000000000000000e+00
4.313786543677360363e-01 0.000000000000000000e+00 5.686213456322639637e-01
4.359684288284058074e-01 7.371399210307477690e-02 4.903175790685193602e-01
4.064689636745062451e-01 1.672558868520781505e-01 4.262751494734154378e-01
4.277750978851055375e-01 2.216500779314546921e-01 3.505748241834396595e-01
4.272839934600922152e-01 2.917444149194173830e-01 2.809715916204902908e-01
4.306534035927519488e-01 3.602508537474263806e-01 2.090957426598216706e-01
4.349977714789206029e-01 4.148119090242355367e-01 1.501903194968439159e-01
4.195029019722807950e-01 5.211893845279811366e-01 5.930771349973811696e-02
4.250843060786146377e-01 5.749156939213853068e-01 0.000000000000000000e+00
5.042467182200849329e-01 0.000000000000000000e+00 4.957532817799151781e-01
5.227417796644918679e-01 6.520758855284324029e-02 4.120506317826648224e-01
4.987595046732760107e-01 1.380853954706433295e-01 3.631550998560806320e-01
5.006527308908215179e-01 2.189746234995689489e-01 2.803726456096095609e-01
5.010454667870363199e-01 2.893741688328577144e-01 2.095803643801058824e-01
4.967712014640877083e-01 3.338903999073618012e-01 1.693383986285504073e-01
4.930135554967639000e-01 4.394099700929459118e-01 6.757647441029021596e-02
4.915408457040774115e-01 5.084591542959225885e-01 0.000000000000000000e+00
5.891310675839511735e-01 0.000000000000000000e+00 4.108689324160488265e-01
5.817778034309777357e-01 7.069039066034273067e-02 3.475318059086793809e-01
5.739249685043227300e-01 1.353831287147384543e-01 2.906919027809387046e-01
5.801554256752220473e-01 2.107050664758589320e-01 2.091395078489191039e-01
5.859698196479962151e-01 2.690067490859908705e-01 1.450234312660129143e-01
5.737355989254421251e-01 3.629411244944728554e-01 6.332327658008486682e-02
5.821556756667819466e-01 4.178443243332179979e-01 0.000000000000000000e+00
6.755107367599877399e-01 0.000000000000000000e+00 3.244892632400123156e-01
6.475751118194763567e-01 6.298814158175017330e-02 2.894367465987737198e-01
6.463053813813991466e-01 1.362564432199702968e-01 2.174381753986306121e-01
6.309689030510743368e-01 2.268953595532946788e-01 1.421357373956309289e-01
6.442125691014997102e-01 2.761927392334380671e-01 7.959469166506208393e-02
6.466986199549954462e-01 3.533013800450045538e-01 0.000000000000000000e+00
7.280864225795431466e-01 0.000000000000000000e+00 2.719135774204566869e-01
7.187948794866269031e-01 7.156881751346635956e-02 2.096363029999067373e-01
7.414799447456983383e-01 1.234483587836255059e-01 1.350716964706761281e-01
7.173972504234216174e-01 2.063666318282803280e-01 7.623611774829811005e-02
7.085031480866120779e-01 2.914968519133879776e-01 0.000000000000000000e+00
8.088018971406349955e-01 0.000000000000000000e+00 1.911981028593649490e-01
7.869422139506300207e-01 7.867282451545473676e-02 1.343849615339152426e-01
7.800270495376292468e-01 1.489368527332093350e-01 7.103609772916130716e-02
7.740718207309443821e-01 2.259281792690556179e-01 0.000000000000000000e+00
8.715881848526283449e-01 0.000000000000000000e+00 1.284118151473716551e-01
8.730573117570488151e-01 4.109618101720369232e-02 8.584650722574746484e-02
8.535991653516723510e-01 1.464008346483276490e-01 0.000000000000000000e+00
9.406588551640340246e-01 0.000000000000000000e+00 5.934114483596607259e-02
8.935125217526248553e-01 1.064874782473751030e-01 0.000000000000000000e+00
1.000000000000000000e+00 0.000000000000000000e+00 0.000000000000000000e+00
